                        77     63     24
                        80     67     29
                        84     71     34
                        88     75     39
                        92     79     44
                        96     83     49
                       100     88     54
                       104     92     59
                       107     96     64
                       111    100     69
                       115    104     74
                       119    108     79
                       123    113     84
                       127    117     89
                       131    121     94
                       135    125     99
                       138    129    104
                       142    133    109
                       146    138    114
                       150    142    119
                       154    146    124
                       158    150    129
                       162    154    134
                       166    159    139
                       169    163    144
                       173    167    149
                       177    171    154
                       181    175    159
                       185    179    164
                       189    184    169
                       193    188    174
                       196    192    179
                       200    196    184
                       204    200    189
                       208    204    194
                       212    209    199
                       216    213    204
                       220    217    209
                       224    221    214
                       227    225    219
                       231    229    224
                       235    234    229
                       239    238    234
                       243    242    239
                       247    246    244
                       251    250    249
                       255    255    255
                        33     76    110
                        37     79    113
                        42     83    116
                        47     87    119
                        52     91    122
                        57     95    125
                        61     99    128
                        66    103    132
                        71    107    135
                        76    111    138
                        81    114    141
                        86    118    144
                        90    122    147
                        95    126    150
                       100    130    154
                       105    134    157
                       110    138    160
                       115    142    163
                       119    146    166
                       124    149    169
                       129    153    173
                       134    157    176
                       139    161    179
                       144    165    182
                       148    169    185
                       153    173    188
                       158    177    191
                       163    181    195
                       168    184    198
                       172    188    201
                       177    192    204
                       182    196    207
                       187    200    210
                       192    204    214
                       197    208    217
                       201    212    220
                       206    216    223
                       211    219    226
                       216    223    229
                       221    227    232
                       226    231    236
                       230    235    239
                       235    239    242
                       240    243    245
                       245    247    248
                       250    251    251
                       255    255    255
                         0      0      0
