B00000 MAINE                             4409  -6848   1
<ID>ME
  64                 43.099   45.147  -70.711  -66.188   43.099  -70.711
   43.099  -67.871   43.367  -67.580   43.653  -67.222   43.906  -66.842
   44.220  -66.241   44.576  -66.188   44.772  -66.246   45.145  -67.149
   45.147  -67.142   44.860  -66.959   44.638  -67.221   44.612  -67.495
   44.520  -67.717   44.494  -67.861   44.337  -68.044   44.520  -68.135
   44.403  -68.566   44.246  -68.514   44.442  -68.932   43.972  -69.180
   44.063  -69.402   43.867  -69.520   43.972  -69.716   43.828  -69.729
   43.710  -69.846   43.737  -69.990   43.841  -70.016   43.684  -70.304
   43.606  -70.199   43.462  -70.330   43.319  -70.539
B00000 NEW_HAMPSHIRE                     4299  -6937   1
<ID>NH
   8                 42.879   43.099  -70.800  -67.871   43.096  -70.708
   42.887  -70.800   42.879  -68.109   43.099  -67.871
B00000 MASSACHUSETTS                     4184  -7019   1
<ID>MA
  64                 39.951   42.887  -71.205  -68.115   40.944  -69.306
   41.462  -68.919   41.980  -68.711   42.510  -68.437   42.885  -68.115
   42.887  -70.813   42.705  -70.800   42.639  -70.722   42.678  -70.630
   42.626  -70.630   42.522  -70.852   42.352  -71.035   42.234  -70.735
   41.790  -70.513   41.699  -70.343   41.764  -70.029   41.934  -70.068
   42.065  -70.251   42.051  -70.068   41.895  -69.938   41.686  -69.938
   41.633  -69.964   41.620  -70.395   41.555  -70.500   41.542  -70.643
   41.712  -70.656   41.607  -70.931   41.490  -70.944   41.464  -71.205
   39.951  -70.848   40.346  -70.057   40.941  -69.311
B00000 RHODE_ISLAND                      4056  -7140   1
<ID>RI
   8                 39.545   41.490  -71.897  -70.848   39.940  -70.848
   41.490  -71.218   41.294  -71.897   39.545  -71.671
B00000 CONNECTICUT                       4102  -7284   1
<ID>CT
  54                 40.781   41.341  -73.930  -71.869   41.063  -71.869
   41.341  -71.901   41.308  -72.224   41.250  -72.506   41.275  -72.895
   41.151  -73.135   41.010  -73.664   41.008  -73.659   40.953  -73.686
   40.870  -73.823   40.782  -73.930   40.781  -73.768   40.905  -73.624
   40.902  -73.631   40.911  -73.226   40.977  -73.110   40.960  -72.680
   41.126  -72.365   41.123  -72.363   41.075  -72.365   41.021  -72.441
   40.914  -72.622   40.902  -72.470   40.993  -72.361   41.023  -72.285
   41.047  -72.168   40.977  -72.094
B00000 NEW_YORK                          4042  -7279   1
<ID>NY
  26                 39.191   41.054  -74.020  -71.671   39.534  -71.671
   41.054  -71.864   40.974  -72.096   40.860  -72.442   40.788  -72.687
   40.725  -72.878   40.670  -73.153   40.604  -73.470   40.586  -73.742
   40.579  -74.018   40.580  -74.020   39.191  -72.295   39.378  -71.973

B00000 NEW_JERSEY                        3966  -7396   1
<ID>NJ
  42                 38.932   40.580  -74.947  -72.286   39.190  -72.286
   40.580  -74.012   40.489  -74.260   40.460  -74.261   40.436  -74.201
   40.449  -74.142   40.398  -73.971   40.025  -74.062   40.020  -74.059
   39.763  -74.105   39.635  -74.168   39.515  -74.297   39.380  -74.428
   39.379  -74.426   39.264  -74.600   38.990  -74.799   38.941  -74.873
   38.932  -74.947   38.938  -72.564   39.035  -72.485   39.110  -72.405

B00000 DELAWARE                          3872  -7389   1
<ID>DE
  12                 38.469   38.938  -75.080  -72.578   38.474  -72.931
   38.739  -72.759   38.938  -72.578   38.932  -74.956   38.784  -75.080
   38.469  -75.039
B00000 VIRGINIA                          3745  -7505   1
<ID>VA
  30                 36.539   38.052  -75.999  -73.207   38.052  -73.207
   38.034  -75.380   37.995  -75.385   37.967  -75.443   37.898  -75.428
   37.625  -75.618   37.575  -75.601   37.360  -75.734   37.211  -75.808
   37.112  -75.916   36.929  -75.999   36.540  -75.866   36.539  -73.653
   37.241  -73.491   37.755  -73.356
B00000 SOUTH_CAROLINA                    3271  -7914   1
<ID>SC
  34                 30.957   33.862  -80.915  -77.076   32.520  -77.076
   33.862  -78.569   33.812  -78.728   33.711  -78.895   33.553  -79.028
   33.453  -79.120   33.177  -79.187   33.019  -79.454   32.735  -79.830
   32.626  -80.005   32.476  -80.355   32.326  -80.464   32.259  -80.664
   32.042  -80.915   30.957  -77.998   31.572  -77.716   32.085  -77.409

B00000 GEORGIA                           3124  -8024   1
<ID>GA
  20                 30.598   32.009  -81.440  -77.998   30.957  -77.998
   32.009  -80.873   31.867  -81.031   31.733  -81.123   31.483  -81.240
   31.291  -81.315   31.082  -81.440   30.707  -81.432   30.598  -78.024
   30.726  -77.998
B00000 FLORIDA                           2773  -8238   1
<ID>FL
 174                 24.313   30.707  -87.487  -77.998   30.598  -77.998
   30.707  -81.455   30.469  -81.424   30.045  -81.342   29.455  -81.104
   28.959  -80.855   28.752  -80.845   28.214  -80.659   27.562  -80.338
   27.169  -80.172   26.993  -80.079   26.786  -80.028   26.548  -80.028
   26.206  -80.090   25.917  -80.162   25.741  -80.203   25.555  -80.328
   25.358  -80.317   25.192  -80.472   25.192  -80.638   25.130  -80.731
   25.182  -80.845   25.110  -81.062   25.244  -81.176   25.368  -81.114
   25.565  -81.248   25.710  -81.280   25.761  -81.362   25.824  -81.424
   25.896  -81.631   25.855  -81.704   26.124  -81.828   26.331  -81.838
   26.434  -81.900   26.486  -81.983   26.703  -82.087   26.848  -82.293
   27.169  -82.511   27.510  -82.707   27.862  -82.842   28.183  -82.780
   28.524  -82.635   28.907  -82.687   29.166  -82.811   29.176  -83.080
   29.455  -83.194   29.507  -83.369   29.662  -83.411   29.745  -83.566
   29.900  -83.649   30.097  -84.011   30.004  -84.384   29.921  -84.497
   29.704  -84.880   29.683  -85.304   29.817  -85.346   29.921  -85.408
   30.107  -85.708   30.283  -86.070   30.407  -86.474   30.407  -86.784
   30.355  -87.125   30.335  -87.487   28.730  -87.487   29.226  -86.854
   29.338  -86.221   29.083  -85.698   28.907  -85.232   29.010  -84.601
   29.290  -84.114   28.855  -83.670   28.638  -83.535   27.862  -83.659
   27.138  -83.432   26.651  -83.080   26.144  -82.635   25.523  -82.397
   25.058  -81.942   24.406  -81.331   24.313  -80.638   24.499  -80.090
   24.841  -79.738   25.523  -79.448   26.641  -79.200   27.701  -78.973
   28.701  -78.716   29.778  -78.332
B00000 ALABAMA                           2948  -8791   1
<ID>AL
  14                 27.911   30.387  -88.331  -87.487   28.718  -87.487
   30.342  -87.491   30.258  -87.755   30.342  -88.142   30.387  -88.322
   27.911  -88.331   28.407  -87.884
B00000 MISSISSIPPI                       2989  -8878   1
<ID>MS
  22                 27.891   30.413  -89.559  -88.329   27.918  -88.337
   30.394  -88.329   30.407  -88.412   30.336  -88.483   30.394  -88.612
   30.342  -88.715   30.413  -88.915   30.316  -89.314   30.181  -89.475
   30.200  -89.559   27.891  -88.506
B00000 LOUSIANA                          2925  -9058   1
<ID>LA
  70                 27.909   30.181  -93.798  -88.506   29.253  -89.031
   30.181  -89.546   30.039  -89.727   30.065  -89.843   29.949  -89.849
   29.936  -89.778   29.885  -89.643   29.936  -89.546   30.046  -89.514
   29.827  -89.392   29.621  -89.739   29.260  -89.276   29.221  -89.108
   29.073  -89.102   29.079  -89.392   29.324  -89.823   29.228  -90.049
   29.060  -90.261   29.092  -90.867   29.266  -91.170   29.537  -91.492
   29.543  -91.756   29.569  -92.039   29.543  -92.271   29.588  -92.722
   29.788  -93.263   29.737  -93.798   28.078  -93.456   28.221  -92.799
   28.308  -91.967   28.333  -91.347   28.287  -90.822   28.194  -90.126
   28.096  -89.494   27.909  -88.506
B00000 TEXAS                             2787  -9579   1
<ID>TX
  60                 25.953   29.731  -97.394  -93.456   28.085  -93.456
   29.731  -93.789   29.670  -93.850   29.676  -94.035   29.574  -94.315
   29.437  -94.676   29.239  -94.875   29.116  -95.114   28.973  -95.284
   28.727  -95.701   28.597  -96.001   28.413  -96.356   28.236  -96.589
   28.106  -96.834   27.833  -97.060   27.641  -97.217   27.396  -97.326
   27.095  -97.394   26.822  -97.367   26.501  -97.258   26.337  -97.224
   26.091  -97.169   25.968  -97.148   25.960  -97.150   25.953  -95.907
   26.654  -95.885   27.129  -95.566   27.613  -94.995   27.849  -94.511
   27.960  -93.916
B00000 WASHINGTON                        4728 -12465   1
<ID>WA
  46                 46.212   48.396 -125.709 -123.997   48.375 -124.722
   48.396 -125.677   48.102 -125.709   47.703 -125.467   47.356 -125.257
   47.062 -125.089   46.611 -124.963   46.611 -124.974   46.222 -124.932
   46.212 -124.007   46.254 -123.997   46.317 -124.049   46.632 -124.070
   46.768 -124.091   46.947 -124.154   47.272 -124.228   47.388 -124.301
   47.535 -124.322   47.724 -124.438   47.797 -124.490   47.871 -124.617
   48.165 -124.753   48.333 -124.659
B00000 OREGON                            4374 -12453   1
<ID>OR
  38                 41.990   46.212 -125.499 -123.944   46.212 -124.921
   46.212 -123.997   45.550 -123.944   44.931 -124.018   44.311 -124.102
   43.734 -124.186   43.408 -124.312   43.334 -124.385   43.019 -124.470
   42.851 -124.554   42.610 -124.385   42.484 -124.428   42.095 -124.354
   42.001 -124.186   41.990 -125.278   42.904 -125.499   43.618 -125.278
   44.437 -125.016   45.382 -124.869
B00000 CALIFORNIA                        3692 -12193   1
<ID>CA
 148                 32.548   41.990 -125.404 -117.099   41.990 -125.260
   41.990 -124.204   41.798 -124.268   41.606 -124.092   41.366 -124.092
   41.078 -124.172   40.982 -124.108   40.502 -124.460   40.246 -124.364
   40.118 -124.108   39.846 -123.884   39.542 -123.756   39.494 -123.820
   39.254 -123.788   39.078 -123.708   38.982 -123.724   38.566 -123.324
   38.469 -123.132   38.245 -122.972   38.021 -122.988   37.845 -122.524
   37.653 -122.476   37.525 -122.540   37.477 -122.412   37.253 -122.380
   36.933 -122.060   36.949 -121.916   36.821 -121.836   36.645 -121.884
   36.581 -121.980   36.261 -121.884   36.005 -121.516   35.685 -121.260
   35.429 -120.988   35.429 -120.876   35.253 -120.924   35.173 -120.700
   34.885 -120.652   34.549 -120.604   34.453 -120.444   34.389 -119.723
   34.421 -119.563   34.213 -119.243   33.989 -118.827   34.021 -118.491
   33.701 -118.315   33.765 -118.187   33.557 -117.787   33.301 -117.483
   32.949 -117.259   32.628 -117.227   32.548 -117.099   32.548 -118.219
   32.757 -118.267   33.109 -118.859   33.221 -119.291   33.509 -119.868
   33.525 -120.668   33.797 -121.148   34.261 -121.468   34.821 -121.660
   35.381 -122.332   35.829 -122.764   36.277 -122.892   36.789 -123.116
   37.317 -123.548   37.909 -124.124   38.678 -124.684   39.446 -124.780
   40.038 -125.340   40.358 -125.404   40.886 -125.340   41.158 -125.116
   41.494 -125.084
B00000 MARYLAND                          3822  -7474   1
<ID>MD
  18                 38.030   38.474  -75.373  -72.931   38.474  -72.931
   38.466  -75.035   38.323  -75.094   38.221  -75.190   38.237  -75.241
   38.114  -75.288   38.077  -75.373   38.030  -75.368   38.039  -73.221

B00000 NORTH_CAROLINA                    3479  -7611   1
<ID>NC
  62                 32.495   36.541  -78.569  -73.667   36.539  -73.667
   36.541  -75.857   36.324  -75.832   36.065  -75.681   35.790  -75.540
   35.656  -75.473   35.247  -75.531   35.189  -75.723   35.072  -75.990
   34.922  -76.232   34.780  -76.408   34.621  -76.533   34.696  -76.675
   34.688  -76.925   34.621  -77.150   34.513  -77.392   34.379  -77.584
   34.204  -77.818   33.903  -77.960   33.920  -78.185   33.895  -78.411
   33.870  -78.569   32.495  -77.076   33.213  -76.486   33.538  -75.640
   33.930  -74.951   34.322  -74.505   34.741  -74.154   35.133  -74.005
   35.620  -73.870   36.066  -73.762
