B00000 NORTH_CAROLINA                    3493  -7649   1
<ID>NC
  72                 32.342   36.549  -78.555  -72.512   36.548  -72.512
   36.549  -75.868   36.494  -75.856   36.425  -75.832   36.293  -75.801
   36.183  -75.749   36.001  -75.635   35.795  -75.525   35.703  -75.479
   35.612  -75.467   35.555  -75.466   35.433  -75.482   35.331  -75.499
   35.218  -75.532   35.068  -75.995   34.817  -76.350   34.625  -76.516
   34.682  -76.632   34.699  -76.814   34.668  -77.012   34.633  -77.132
   34.566  -77.267   34.550  -77.316   34.501  -77.397   34.385  -77.597
   34.334  -77.683   34.233  -77.784   34.150  -77.832   33.967  -77.917
   33.933  -77.950   33.900  -78.032   33.900  -78.365   33.883  -78.431
   33.854  -78.555   32.342  -76.893   34.989  -72.610
B00000 FLORIDA                           2793  -8234   1
<ID>FL
 296                 24.019   30.699  -87.850  -76.738   30.523  -76.797
   30.699  -81.432   30.583  -81.450   30.517  -81.433   30.483  -81.417
   30.399  -81.399   30.217  -81.375   30.003  -81.316   29.906  -81.287
   29.885  -81.265   29.826  -81.267   29.768  -81.250   29.586  -81.177
   29.183  -80.984   28.889  -80.793   28.731  -80.698   28.600  -80.584
   28.451  -80.517   28.434  -80.567   28.417  -80.582   28.367  -80.600
   28.266  -80.600   28.150  -80.584   27.854  -80.434   27.762  -80.400
   27.668  -80.352   27.632  -80.347   27.605  -80.337   27.349  -80.232
   27.182  -80.168   26.969  -80.067   26.818  -80.033   26.585  -80.033
   26.513  -80.050   26.251  -80.083   26.184  -80.100   25.917  -80.135
   25.751  -80.200   25.633  -80.284   25.551  -80.317   25.450  -80.334
   25.366  -80.317   25.334  -80.349   25.267  -80.399   25.232  -80.435
   25.199  -80.500   25.167  -80.668   25.149  -80.718   25.133  -80.768
   25.149  -80.901   25.133  -80.986   25.117  -81.083   25.167  -81.150
   25.231  -81.182   25.331  -81.151   25.383  -81.150   25.498  -81.216
   25.551  -81.234   25.581  -81.234   25.684  -81.280   25.717  -81.332
   25.767  -81.367   25.817  -81.432   25.864  -81.513   25.900  -81.598
   25.900  -81.650   25.851  -81.683   25.937  -81.736   26.012  -81.764
   26.083  -81.801   26.247  -81.815   26.329  -81.847   26.400  -81.882
   26.448  -81.947   26.482  -82.000   26.534  -82.033   26.566  -82.050
   26.602  -82.034   26.686  -82.085   26.788  -82.154   26.816  -82.231
   26.848  -82.298   26.981  -82.399   27.069  -82.450   27.465  -82.698
   27.866  -82.851   27.927  -82.819   28.000  -82.800   28.118  -82.784
   28.183  -82.800   28.323  -82.730   28.352  -82.717   28.398  -82.700
   28.451  -82.669   28.535  -82.650   28.632  -82.667   28.833  -82.717
   28.866  -82.700   28.982  -82.733   29.085  -82.800   29.163  -83.032
   29.218  -83.068   29.299  -83.149   29.432  -83.284   29.518  -83.400
   29.684  -83.468   29.718  -83.536   29.767  -83.584   29.817  -83.583
   29.870  -83.636   29.916  -83.667   29.967  -83.750   30.001  -83.852
   30.057  -83.942   30.100  -84.082   30.067  -84.183   30.050  -84.283
   29.984  -84.365   29.933  -84.448   29.795  -84.620   29.660  -84.831
   29.595  -85.054   29.682  -85.317   29.982  -85.532   30.133  -85.735
   30.181  -85.812   30.314  -86.126   30.363  -86.294   30.384  -86.466
   30.392  -86.536   30.398  -86.597   30.396  -86.692   30.382  -86.804
   30.379  -86.853   30.375  -86.888   30.358  -86.997   30.342  -87.085
   30.317  -87.252   30.317  -87.351   30.240  -87.360   28.333  -87.830
   27.159  -87.850   27.331  -84.240   24.069  -83.149   24.019  -78.369
   24.620  -79.000   27.120  -78.881   26.639  -76.738
B00000 ALABAMA                           3013  -8784   1
<ID>AL
  24                 28.331   30.383  -88.316  -87.353   30.332  -88.201
   30.366  -88.215   30.383  -88.249   30.380  -88.316   28.331  -87.830
   30.241  -87.360   30.315  -87.353   30.305  -87.451   30.282  -87.567
   30.251  -87.666   30.233  -87.854   30.233  -88.030
B00000 MISSISSIPPI                       3012  -8886   1
<ID>MS
  44                 28.230   30.400  -89.465  -87.830   28.230  -89.030
   28.330  -87.830   30.383  -88.318   30.351  -88.400   30.332  -88.451
   30.317  -88.483   30.350  -88.550   30.367  -88.633   30.350  -88.698
   30.349  -88.732   30.382  -88.800   30.400  -88.866   30.400  -88.949
   30.368  -89.084   30.333  -89.184   30.300  -89.301   30.299  -89.352
   30.251  -89.433   30.184  -89.450   30.160  -89.465   30.210  -89.169
   30.102  -88.754
B00000 LOUSIANA                          2938  -9038   1
<ID>LA
 200                 28.229   30.210  -93.979  -88.754   30.102  -88.754
   30.210  -89.167   30.159  -89.464   30.084  -89.500   30.049  -89.433
   30.049  -89.383   30.032  -89.383   29.883  -89.233   29.851  -89.283
   29.817  -89.317   29.783  -89.352   29.783  -89.352   29.768  -89.402
   29.735  -89.433   29.618  -89.501   29.600  -89.586   29.583  -89.668
   29.533  -89.666   29.504  -89.652   29.484  -89.582   29.450  -89.533
   29.417  -89.517   29.402  -89.467   29.384  -89.402   29.383  -89.350
   29.351  -89.316   29.318  -89.282   29.334  -89.200   29.250  -89.132
   29.218  -89.032   29.166  -89.018   29.131  -89.034   29.065  -89.069
   29.067  -89.100   29.001  -89.168   29.068  -89.265   29.067  -89.282
   29.019  -89.333   28.969  -89.366   28.932  -89.400   28.948  -89.417
   28.984  -89.402   29.083  -89.401   29.098  -89.417   29.149  -89.432
   29.217  -89.481   29.249  -89.614   29.299  -89.680   29.317  -89.766
   29.317  -89.832   29.213  -90.031   29.135  -90.115   29.098  -90.168
   29.084  -90.233   29.099  -90.250   29.133  -90.269   29.167  -90.301
   29.232  -90.300   29.269  -90.318   29.282  -90.350   29.267  -90.383
   29.233  -90.417   29.284  -90.483   29.300  -90.516   29.284  -90.567
   29.266  -90.582   29.200  -90.549   29.182  -90.617   29.133  -90.650
   29.117  -90.715   29.099  -90.800   29.082  -90.833   29.084  -90.868
   29.133  -90.901   29.167  -91.000   29.183  -91.100   29.217  -91.202
   29.249  -91.282   29.316  -91.351   29.515  -91.550   29.491  -91.778
   29.484  -91.843   29.546  -91.978   29.584  -92.051   29.583  -92.165
   29.549  -92.233   29.533  -92.299   29.549  -92.400   29.566  -92.565
   29.582  -92.662   29.617  -92.766   29.650  -92.833   29.715  -92.995
   29.750  -93.112   29.783  -93.251   29.766  -93.349   29.752  -93.642
   29.733  -93.784   28.290  -93.979   28.229  -89.030
B00000 WASHINGTON                        4747 -12459   1
<ID>WA
  70                 46.049   48.728 -128.130 -123.942   47.334 -124.302
   47.420 -124.332   47.467 -124.332   47.553 -124.368   47.619 -124.382
   47.683 -124.417   47.735 -124.417   47.768 -124.483   47.819 -124.484
   47.884 -124.618   47.966 -124.649   48.032 -124.699   48.083 -124.698
   48.152 -124.731   48.185 -124.715   48.233 -124.718   48.284 -124.684
   48.333 -124.669   48.351 -124.716   48.383 -124.732   48.728 -125.100
   48.250 -128.130   46.049 -127.207   46.230 -123.942   46.283 -124.084
   46.315 -124.049   46.350 -124.050   46.411 -124.049   46.550 -124.051
   46.717 -124.081   46.899 -124.116   46.935 -124.167   47.051 -124.166
   47.206 -124.201   47.284 -124.232
B00000 OREGON                            4421 -12427   1
<ID>OR
 140                 41.934   46.231 -127.206 -123.882   44.550 -126.630
   46.048 -127.206   46.231 -123.945   46.216 -124.001   46.129 -123.947
   46.067 -123.933   45.982 -123.932   45.949 -123.981   45.901 -123.967
   45.854 -123.966   45.834 -123.966   45.768 -123.983   45.715 -123.932
   45.648 -123.932   45.568 -123.968   45.551 -123.916   45.483 -123.882
   45.500 -123.934   45.533 -123.950   45.467 -123.966   45.417 -123.950
   45.351 -123.966   45.333 -123.999   45.334 -123.966   45.165 -123.966
   45.101 -123.982   45.050 -124.016   44.970 -124.014   44.883 -124.033
   44.816 -124.065   44.771 -124.064   44.736 -124.048   44.667 -124.067
   44.583 -124.066   44.500 -124.084   44.421 -124.084   44.297 -124.115
   44.195 -124.114   44.084 -124.123   44.024 -124.132   43.954 -124.133
   43.777 -124.167   43.683 -124.196   43.582 -124.222   43.437 -124.283
   43.368 -124.335   43.318 -124.398   43.268 -124.383   43.168 -124.400
   43.118 -124.433   43.050 -124.432   42.963 -124.469   42.831 -124.552
   42.803 -124.515   42.747 -124.516   42.733 -124.465   42.671 -124.433
   42.637 -124.403   42.573 -124.383   42.500 -124.416   42.432 -124.430
   42.401 -124.415   42.317 -124.415   42.283 -124.397   42.234 -124.402
   42.183 -124.366   42.101 -124.349   42.046 -124.273   42.001 -124.182
   41.934 -126.857
B00000 CALIFORNIA                        3675 -12159   1
<ID>CA
 436                 30.151   42.001 -127.026 -117.117   40.273 -126.983
   41.219 -126.909   41.934 -126.857   42.001 -124.182   41.852 -124.217
   41.782 -124.250   41.752 -124.219   41.732 -124.148   41.669 -124.133
   41.605 -124.103   41.521 -124.084   41.467 -124.067   41.384 -124.066
   41.302 -124.082   41.211 -124.120   41.136 -124.150   41.065 -124.150
   41.035 -124.118   40.984 -124.117   40.883 -124.148   40.801 -124.198
   40.733 -124.250   40.650 -124.299   40.589 -124.348   40.516 -124.384
   40.432 -124.399   40.383 -124.366   40.350 -124.366   40.317 -124.351
   40.266 -124.366   40.201 -124.286   40.132 -124.181   40.118 -124.118
   40.085 -124.083   40.032 -124.082   39.982 -123.998   39.917 -123.950
   39.818 -123.850   39.734 -123.832   39.683 -123.799   39.606 -123.784
   39.548 -123.767   39.465 -123.816   39.353 -123.817   39.268 -123.799
   39.197 -123.766   39.133 -123.717   39.067 -123.701   39.000 -123.700
   38.951 -123.734   38.865 -123.666   38.705 -123.456   38.617 -123.384
   38.570 -123.337   38.493 -123.220   38.468 -123.168   38.418 -123.116
   38.351 -123.067   38.301 -123.068   38.300 -123.015   38.252 -122.968
   38.149 -122.897   38.232 -122.982   38.149 -122.949   38.083 -122.969
   38.000 -123.019   37.983 -122.968   38.016 -122.982   38.031 -122.932
   37.983 -122.801   37.950 -122.783   37.919 -122.735   37.899 -122.700
   37.919 -122.682   37.888 -122.639   37.850 -122.567   37.817 -122.533
   37.784 -122.516   37.724 -122.517   37.670 -122.500   37.617 -122.500
   37.584 -122.517   37.517 -122.517   37.499 -122.501   37.498 -122.480
   37.467 -122.449   37.415 -122.449   37.352 -122.400   37.252 -122.417
   37.181 -122.400   37.169 -122.367   37.115 -122.330   37.098 -122.282
   37.033 -122.231   36.968 -122.134   36.950 -122.049   36.967 -122.016
   36.950 -121.969   36.966 -121.950   36.966 -121.899   36.936 -121.869
   36.883 -121.832   36.817 -121.801   36.749 -121.816   36.685 -121.817
   36.633 -121.850   36.599 -121.883   36.632 -121.934   36.582 -121.983
   36.551 -121.934   36.516 -121.931   36.516 -121.951   36.483 -121.951
   36.428 -121.925   36.364 -121.902   36.353 -121.900   36.300 -121.901
   36.253 -121.834   36.204 -121.739   36.152 -121.666   36.016 -121.567
   36.000 -121.499   35.935 -121.468   35.884 -121.450   35.831 -121.399
   35.764 -121.317   35.698 -121.299   35.666 -121.267   35.633 -121.167
   35.533 -121.081   35.468 -121.000   35.451 -120.951   35.448 -120.899
   35.417 -120.867   35.334 -120.850   35.250 -120.900   35.201 -120.834
   35.167 -120.767   35.182 -120.733   35.167 -120.683   35.117 -120.632
   35.066 -120.618   34.998 -120.633   34.899 -120.667   34.882 -120.631
   34.851 -120.600   34.748 -120.633   34.698 -120.599   34.582 -120.632
   34.567 -120.615   34.567 -120.568   34.535 -120.517   34.500 -120.482
   34.450 -120.468   34.467 -120.282   34.467 -120.116   34.450 -120.002
   34.400 -119.849   34.417 -119.799   34.382 -119.717   34.417 -119.683
   34.418 -119.586   34.398 -119.529   34.351 -119.433   34.285 -119.338
   34.268 -119.285   34.198 -119.248   34.167 -119.232   34.099 -119.133
   34.117 -119.100   34.099 -119.083   34.085 -119.051   34.050 -118.967
   34.033 -118.849   34.000 -118.818   34.032 -118.750   34.033 -118.548
   34.018 -118.499   33.964 -118.463   33.851 -118.400   33.817 -118.399
   33.783 -118.434   33.733 -118.416   33.732 -118.362   33.700 -118.283
   33.733 -118.267   33.768 -118.200   33.749 -118.133   33.722 -118.072
   33.650 -117.999   33.600 -117.933   33.586 -117.877   33.551 -117.785
   33.466 -117.715   33.450 -117.666   33.319 -117.502   33.236 -117.421
   33.151 -117.350   33.054 -117.302   32.954 -117.268   32.868 -117.250
   32.831 -117.282   32.793 -117.264   32.749 -117.250   32.717 -117.266
   32.667 -117.250   32.682 -117.218   32.668 -117.168   32.619 -117.133
   32.534 -117.117   32.451 -117.229   31.752 -118.167   30.151 -120.233
   35.811 -124.069   36.410 -124.482   37.548 -125.313   38.690 -126.183
   39.740 -127.026
B00000 TEXAS                             2808  -9612   1
<ID>TX
 192                 25.904   29.732  -97.386  -93.784   25.911  -95.901
   26.517  -95.420   27.335  -94.779   28.057  -94.179   28.290  -93.979
   29.732  -93.784   29.668  -93.866   29.682  -93.921   29.684  -93.980
   29.666  -94.084   29.619  -94.213   29.584  -94.282   29.551  -94.359
   29.518  -94.464   29.504  -94.499   29.454  -94.625   29.418  -94.700
   29.366  -94.732   29.332  -94.749   29.316  -94.773   29.286  -94.824
   29.261  -94.849   29.239  -94.880   29.226  -94.903   29.174  -94.989
   29.157  -95.023   29.104  -95.104   29.069  -95.132   28.985  -95.230
   28.968  -95.282   28.919  -95.315   28.883  -95.401   28.852  -95.464
   28.800  -95.549   28.734  -95.680   28.716  -95.706   28.688  -95.755
   28.602  -95.959   28.601  -95.983   28.553  -96.092   28.501  -96.195
   28.477  -96.241   28.467  -96.259   28.443  -96.289   28.419  -96.334
   28.402  -96.359   28.354  -96.398   28.334  -96.408   28.311  -96.448
   28.290  -96.510   28.263  -96.557   28.253  -96.570   28.219  -96.628
   28.168  -96.714   28.124  -96.775   28.105  -96.800   28.074  -96.829
   28.061  -96.856   28.028  -96.891   28.006  -96.912   27.955  -96.955
   27.907  -96.996   27.859  -97.032   27.834  -97.042   27.823  -97.050
   27.758  -97.107   27.722  -97.133   27.673  -97.172   27.627  -97.193
   27.591  -97.218   27.514  -97.266   27.426  -97.308   27.394  -97.319
   27.327  -97.344   27.272  -97.357   27.208  -97.382   27.190  -97.379
   27.142  -97.381   27.079  -97.383   27.009  -97.386   26.959  -97.376
   26.881  -97.366   26.806  -97.355   26.722  -97.335   26.601  -97.292
   26.590  -97.290   26.538  -97.269   26.422  -97.230   26.357  -97.220
   26.312  -97.201   26.216  -97.195   26.167  -97.181   26.103  -97.171
   26.051  -97.167   25.969  -97.133   25.904  -97.142
B00000 GEORGIA                           3137  -8088   1
<ID>GA
  52                 30.524   32.032  -81.435  -76.794   31.870  -76.817
   32.032  -80.834   31.968  -80.866   31.900  -80.950   31.867  -80.998
   31.819  -81.051   31.767  -81.067   31.633  -81.135   31.569  -81.183
   31.534  -81.184   31.484  -81.201   31.432  -81.249   31.387  -81.266
   31.366  -81.283   31.318  -81.283   31.284  -81.283   31.233  -81.282
   31.204  -81.328   31.134  -81.382   31.084  -81.399   31.018  -81.418
   30.967  -81.416   30.934  -81.401   30.835  -81.432   30.699  -81.435
   30.524  -76.794
B00000 SOUTH_CAROLINA                    3292  -7949   1
<ID>SC
  82                 31.871   33.855  -80.835  -76.817   33.855  -78.556
   33.833  -78.628   33.800  -78.719   33.766  -78.783   33.702  -78.865
   33.667  -78.916   33.600  -78.983   33.533  -79.033   33.469  -79.098
   33.403  -79.132   33.355  -79.152   33.264  -79.183   33.220  -79.183
   33.166  -79.200   33.133  -79.232   33.120  -79.279   33.067  -79.333
   33.000  -79.368   32.999  -79.482   32.917  -79.566   32.901  -79.616
   32.850  -79.700   32.800  -79.731   32.800  -79.768   32.767  -79.832
   32.736  -79.866   32.682  -79.882   32.599  -79.983   32.600  -80.066
   32.549  -80.185   32.501  -80.298   32.468  -80.348   32.367  -80.433
   32.316  -80.466   32.268  -80.563   32.216  -80.668   32.148  -80.734
   32.100  -80.817   32.032  -80.835   31.871  -76.817   32.341  -76.894

B00000 VIRGINIA                          3706  -7464   1
<ID>VA
  12                 36.549   38.022  -75.998  -72.430   37.190  -72.430
   38.022  -75.241   37.149  -75.843   36.933  -75.998   36.549  -75.867
   36.549  -72.512
B00000 MARYLAND                          3799  -7434   1
<ID>MD
  16                 37.190   38.450  -75.241  -71.472   37.474  -71.472
   38.450  -75.049   38.340  -75.080   38.264  -75.130   38.153  -75.162
   38.088  -75.194   38.022  -75.241   37.190  -72.430
B00000 DELAWARE                          3831  -7372   1
<ID>DE
  12                 37.474   38.831  -75.081  -70.664   37.474  -71.472
   37.725  -70.664   38.831  -75.003   38.781  -75.081   38.612  -75.063
   38.450  -75.051
B00000 NEW_YORK                          4021  -7259   1
<ID>NY
  12                 37.725   41.076  -73.884  -70.664   37.725  -70.664
   41.076  -71.803   40.851  -72.419   40.645  -73.132   40.531  -73.697
   40.449  -73.884
B00000 NEW_JERSEY                        3933  -7382   1
<ID>NJ
  14                 37.725   40.452  -74.996  -70.664   37.725  -70.664
   40.452  -73.884   40.225  -73.997   39.707  -74.126   39.427  -74.339
   38.993  -74.792   38.831  -74.996
B00000 RHODE_ISLAND                      3995  -7103   1
<ID>RI
  10                 37.725   41.484  -71.881  -70.017   37.927  -70.017
   41.484  -71.148   41.364  -71.481   41.295  -71.881   37.725  -70.664

B00000 MASSACHUSETTS                     4180  -7016   1
<ID>MA
  74                 37.926   42.883  -71.147  -66.962   37.926  -70.017
   38.880  -66.998   42.193  -66.962   42.883  -70.819   42.704  -70.783
   42.681  -70.610   42.630  -70.597   42.581  -70.644   42.513  -70.847
   42.253  -70.766   42.122  -70.662   42.111  -70.660   41.919  -70.534
   41.759  -70.478   41.734  -70.294   41.745  -70.200   41.781  -70.008
   41.815  -69.999   41.884  -69.997   41.917  -70.014   41.935  -70.063
   42.032  -70.094   42.051  -70.171   42.031  -70.203   42.067  -70.250
   42.085  -70.215   42.049  -70.061   41.912  -69.965   41.827  -69.939
   41.783  -69.928   41.700  -69.929   41.646  -69.963   41.625  -70.233
   41.550  -70.481   41.453  -70.798   41.419  -70.949   41.487  -71.147

B00000 NEW_HAMPSHIRE                     4262  -6886   1
<ID>NH
   8                 42.192   43.068  -70.820  -66.971   43.068  -70.693
   42.883  -70.820   42.192  -66.972   42.342  -66.971
B00000 MAINE                             4408  -6833   1
<ID>ME
  26                 42.342   44.999  -70.693  -66.953   43.068  -70.693
   42.342  -66.971   44.891  -66.953   44.999  -66.968   44.978  -67.035
   44.835  -66.962   44.689  -67.142   44.353  -68.047   44.135  -68.390
   44.031  -68.842   43.719  -69.809   43.577  -70.178   43.457  -70.327

