B00000 ZAB                               3241 -10587    1
<REGION>ZAB
 128                 28.917   37.500 -114.000 -100.000   35.767 -111.842
   35.700 -110.233   36.033 -108.217   36.200 -107.467   36.717 -106.083
   36.717 -105.000   37.500 -102.550   36.500 -101.750   35.829 -100.000
   35.333 -100.000   34.867 -100.317   34.467 -100.750   34.600 -102.000
   34.550 -102.325   34.317 -102.800   33.775 -103.367   33.403 -103.692
   33.383 -103.800   33.000 -103.800   32.467 -103.933   32.033 -103.800
   31.650 -103.333   31.283 -102.150   29.767 -102.558   29.742 -102.758
   29.400 -102.825   29.358 -102.883   29.208 -102.883   29.183 -102.983
   28.917 -103.183   29.067 -103.450   29.150 -103.550   29.183 -103.683
   29.267 -103.783   29.317 -104.000   29.400 -104.150   29.483 -104.217
   29.533 -104.350   29.650 -104.517   30.000 -104.700   30.150 -104.683
   30.367 -104.833   30.683 -104.983   30.833 -105.317   31.000 -105.550
   31.383 -106.000   31.467 -106.200   31.733 -106.383   31.750 -106.500
   31.783 -106.533   31.783 -108.217   31.350 -108.217   31.333 -108.217
   31.333 -111.100   32.100 -113.508   32.738 -113.685   32.683 -114.000
   34.033 -114.000   34.183 -114.000   34.667 -114.000   34.917 -113.617
   35.383 -112.667   35.433 -112.000   35.767 -111.842
B00000 ZAU                               4203 -8882    1
<REGION>ZAU
  62                 40.000   44.342  -93.600  -84.683   41.667  -93.467
   42.667  -93.050   42.783  -93.000   42.725  -91.725   43.367  -91.083
   43.618  -90.829   44.154  -90.292   44.154  -89.587   44.342  -88.208
   44.333  -88.050   43.567  -87.000   43.567  -86.067   43.450  -85.742
   43.500  -85.000   42.000  -85.000   41.858  -84.767   41.283  -84.717
   40.958  -84.700   40.908  -84.700   40.775  -84.683   40.667  -84.683
   40.354  -85.525   40.000  -86.100   40.000  -88.250   40.000  -89.750
   40.783  -91.650   40.764  -91.742   40.525  -93.492   41.167  -93.600
   41.433  -93.508   41.667  -93.467
B00000 ZBW                               4487 -7104    1
<REGION>ZBW
 204                 39.733   47.530  -76.803  -67.000   43.633  -76.792
   44.104  -76.417   44.167  -76.333   44.204  -76.283   44.204  -76.233
   44.233  -76.183   44.292  -76.133   44.322  -76.067   44.350  -76.000
   44.347  -75.950   44.446  -75.817   44.513  -75.767   44.717  -75.500
   44.667  -75.700   44.817  -75.750   44.967  -74.883   45.069  -74.967
   45.143  -74.784   45.183  -74.567   45.000  -74.250   45.017  -71.483
   45.283  -71.336   45.317  -71.000   45.686  -70.503   45.908  -70.250
   46.308  -70.208   46.417  -70.058   46.750  -70.000   47.450  -69.217
   47.288  -68.567   47.327  -68.532   47.364  -68.482   47.398  -68.427
   47.428  -68.367   47.455  -68.304   47.478  -68.238   47.498  -68.169
   47.512  -68.098   47.523  -68.025   47.529  -67.951   47.530  -67.876
   47.527  -67.802   47.520  -67.728   47.509  -67.656   47.493  -67.585
   47.473  -67.516   47.449  -67.451   47.421  -67.389   47.389  -67.331
   47.354  -67.277   47.317  -67.228   47.276  -67.184   47.233  -67.145
   47.188  -67.112   47.141  -67.085   47.092  -67.065   47.042  -67.050
   46.992  -67.042   46.942  -67.041   46.891  -67.046   46.841  -67.057
   46.792  -67.074   46.744  -67.098   46.698  -67.127   46.645  -67.170
   46.612  -67.203   46.573  -67.249   46.536  -67.300   46.200  -67.217
   46.143  -67.217   45.825  -67.583   45.783  -67.807   45.625  -67.775
   44.933  -67.000   41.867  -67.000   41.617  -67.000   41.000  -69.000
   40.925  -69.342   40.577  -70.879   40.072  -72.500   40.199  -72.782
   39.994  -73.008   39.733  -73.150   39.733  -73.283   39.933  -73.729
   40.239  -73.699   40.801  -73.292   40.858  -73.378   40.858  -73.860
   41.246  -73.867   41.438  -74.444   41.733  -74.767   41.758  -74.808
   41.801  -74.908   41.869  -75.058   41.989  -75.342   42.283  -76.017
   42.608  -76.803   42.728  -76.697   42.883  -76.667   43.067  -76.764
   43.633  -76.792
B00000 ZDC                               3801 -7714    1
<REGION>ZDC
  82                 32.968   40.239  -80.842  -73.167   39.683  -73.167
   39.035  -73.658   38.767  -73.842   38.542  -73.983   37.082  -74.600
   36.788  -74.600   35.497  -74.937   35.308  -75.190   32.968  -76.779
   34.444  -78.750   34.425  -79.333   34.850  -79.917   34.856  -80.147
   35.108  -80.000   35.383  -79.804   36.089  -79.744   36.154  -79.950
   37.332  -80.633   37.304  -80.746   37.467  -80.842   38.042  -80.717
   38.767  -80.567   39.167  -80.400   39.174  -79.894   39.371  -79.543
   39.850  -77.933   39.856  -77.840   39.772  -77.617   39.782  -77.357
   39.510  -77.358   39.385  -76.856   39.392  -76.347   39.850  -75.650
   39.861  -75.625   40.069  -75.329   40.110  -74.783   39.983  -74.685
   40.239  -73.699   39.933  -73.729   39.733  -73.283   39.683  -73.167

B00000 ZDV                               4015 -10664    1
<REGION>ZDV
  66                 35.700   45.238 -111.879  -98.800   44.958 -103.167
   44.700 -101.483   43.708 -101.408   43.289 -100.100   42.000  -99.017
   39.983  -99.058   39.467  -98.800   37.500 -102.550   36.717 -105.000
   36.717 -106.083   36.200 -107.467   36.033 -108.217   35.700 -110.233
   35.767 -111.842   36.421 -111.504   36.733 -111.608   37.413 -111.879
   37.833 -110.883   38.129 -110.157   38.200 -109.983   38.933 -109.983
   39.217 -109.983   39.583 -110.300   40.000 -109.167   40.850 -109.100
   41.367 -108.275   41.608 -108.000   42.417 -107.050   43.883 -107.283
   44.317 -106.267   45.238 -106.000   45.117 -104.250   44.958 -103.167

B00000 ZFW                               3371 -9813    1
<REGION>ZFW
  90                 30.983   36.017 -103.933  -91.689   35.829 -100.000
   35.817  -98.500   35.883  -98.017   35.925  -97.883   35.492  -97.583
   35.458  -97.083   35.650  -96.404   35.871  -96.050   36.017  -95.612
   35.871  -95.367   35.654  -95.000   35.383  -95.000   35.067  -95.000
   34.692  -94.783   34.533  -94.533   34.033  -93.542   33.950  -93.158
   33.004  -91.900   32.283  -91.689   32.283  -92.258   31.558  -93.321
   31.572  -94.200   31.467  -95.983   31.204  -96.683   31.200  -97.200
   31.212  -97.513   31.375  -97.713   31.390  -97.794   31.383  -99.467
   30.983 -100.550   31.283 -102.150   31.650 -103.333   32.033 -103.800
   32.467 -103.933   33.000 -103.800   33.383 -103.800   33.403 -103.692
   33.775 -103.367   34.317 -102.800   34.550 -102.325   34.600 -102.000
   34.467 -100.750   34.867 -100.317   35.333 -100.000   35.829 -100.000

B00000 ZHU                               2944 -9606    1
<REGION>ZHU
 122                 25.842   32.283 -102.558  -87.400   29.767 -102.558
   31.283 -102.150   30.983 -100.550   31.383  -99.467   31.390  -97.794
   31.375  -97.713   31.212  -97.513   31.200  -97.200   31.204  -96.683
   31.467  -95.983   31.572  -94.200   31.558  -93.321   32.283  -92.258
   32.283  -91.689   31.912  -91.308   31.650  -90.346   31.631  -89.850
   31.547  -88.900   31.517  -88.325   31.521  -87.817   31.281  -87.400
   30.958  -87.658   30.846  -87.683   30.692  -87.717   30.683  -87.808
   30.633  -87.917   30.517  -87.917   30.221  -88.025   28.142  -88.000
   28.250  -89.000   28.250  -94.000   27.533  -95.150   26.000  -95.917
   26.000  -96.000   25.842  -97.400   26.033  -97.750   26.050  -98.050
   26.067  -98.217   26.233  -98.650   26.400  -99.067   26.667  -99.183
   26.883  -99.317   27.067  -99.450   27.308  -99.517   27.492  -99.525
   27.650  -99.700   27.775  -99.833   27.983  -99.950   28.183 -100.192
   28.650 -100.483   28.900 -100.633   29.167 -100.750   29.367 -101.000
   29.533 -101.250   29.583 -101.292   29.758 -101.517   29.783 -101.800
   29.792 -102.050   29.875 -102.317   29.767 -102.400   29.767 -102.558

B00000 ZID                               3915 -8454    1
<REGION>ZID
  60                 36.183   40.908  -88.317  -80.400   40.000  -88.250
   40.000  -86.100   40.354  -85.525   40.667  -84.683   40.775  -84.683
   40.908  -84.700   40.783  -83.746   40.738  -83.650   40.558  -83.500
   40.508  -83.333   40.600  -81.783   40.217  -81.633   39.750  -81.550
   39.167  -80.500   39.167  -80.400   38.767  -80.567   38.042  -80.717
   37.467  -80.842   37.304  -80.746   36.183  -85.400   36.900  -85.583
   37.014  -85.746   37.300  -86.150   37.275  -87.397   37.725  -88.317
   38.150  -88.233   38.485  -88.094   39.868  -88.148   39.904  -88.183
   40.000  -88.250
B00000 ZJX                               3075 -8312    1
<REGION>ZJX
  88                 27.500   34.856  -88.025  -76.302   31.281  -87.400
   31.492  -86.950   31.762  -85.583   31.533  -85.308   31.683  -84.100
   31.683  -83.112   32.167  -82.333   32.562  -81.933   33.698  -81.607
   34.394  -81.333   34.748  -80.469   34.856  -80.147   34.850  -79.917
   34.425  -79.333   34.444  -78.750   32.576  -76.302   32.200  -76.817
   32.250  -77.000   30.000  -77.000   30.203  -79.185   30.137  -79.311
   29.208  -79.617   29.000  -80.183   28.900  -80.733   28.728  -80.986
   28.567  -81.000   27.950  -82.383   27.950  -82.942   28.633  -83.908
   28.167  -84.500   28.167  -84.650   28.233  -84.917   27.783  -85.000
   27.500  -85.050   27.500  -87.683   28.142  -88.000   30.221  -88.025
   30.517  -87.917   30.633  -87.917   30.683  -87.808   30.692  -87.717
   30.846  -87.683   30.958  -87.658   31.281  -87.400
B00000 ZKC                               3763 -9420    1
<REGION>ZKC
  58                 35.458   40.783 -102.550  -88.094   39.467  -98.800
   40.525  -93.492   40.764  -91.742   40.783  -91.650   40.000  -89.750
   40.000  -88.250   39.904  -88.183   39.868  -88.148   38.485  -88.094
   38.150  -88.233   37.725  -88.317   37.533  -88.833   37.150  -90.567
   36.725  -93.250   36.492  -94.408   36.433  -94.683   35.871  -95.367
   36.017  -95.612   35.871  -96.050   35.650  -96.404   35.458  -97.083
   35.492  -97.583   35.925  -97.883   35.883  -98.017   35.817  -98.500
   35.829 -100.000   36.500 -101.750   37.500 -102.550   39.467  -98.800

B00000 ZLA                               3547 -11571    1
<REGION>ZLA
  74                 30.750   38.017 -123.250 -111.504   34.500 -123.250
   35.533 -120.850   35.750 -120.117   35.633 -119.500   36.133 -119.167
   36.133 -118.583   37.200 -118.583   37.200 -117.333   37.367 -117.008
   37.442 -117.076   37.550 -117.095   37.883 -117.095   37.883 -116.183
   38.017 -114.200   37.883 -113.650   37.717 -113.783   37.500 -113.000
   37.500 -112.058   37.413 -111.879   36.733 -111.608   36.421 -111.504
   35.767 -111.842   35.433 -112.000   35.383 -112.667   34.917 -113.617
   34.667 -114.000   34.183 -114.000   34.033 -114.000   32.683 -114.000
   32.738 -113.685   32.100 -113.508   32.250 -114.000   32.494 -114.813
   32.719 -114.719   32.534 -117.124   30.750 -120.833   34.500 -123.250

B00000 ZLC                               4455 -11071    1
<REGION>ZLC
 120                 37.413   49.000 -119.500 -103.167   49.000 -114.667
   49.000 -114.500   49.000 -114.000   49.000 -113.500   49.000 -113.000
   49.000 -112.500   49.000 -112.000   49.000 -111.500   49.000 -111.000
   49.000 -110.500   49.000 -110.000   49.000 -109.500   49.000 -109.000
   49.000 -108.500   49.000 -108.000   49.000 -107.500   49.000 -107.000
   49.000 -106.500   49.000 -106.000   49.000 -105.500   49.000 -105.000
   49.000 -104.500   49.000 -104.000   49.000 -103.500   49.000 -103.167
   46.600 -103.167   44.958 -103.167   45.117 -104.250   45.238 -106.000
   44.317 -106.267   43.883 -107.283   42.417 -107.050   41.608 -108.000
   41.367 -108.275   40.850 -109.100   40.000 -109.167   39.583 -110.300
   39.217 -109.983   38.933 -109.983   38.200 -109.983   38.129 -110.157
   37.833 -110.883   37.413 -111.879   37.500 -112.058   37.500 -113.000
   37.717 -113.783   37.883 -113.650   38.017 -114.200   37.883 -116.183
   37.883 -117.095   38.083 -117.267   39.933 -117.367   41.000 -119.500
   42.667 -119.000   43.633 -119.283   44.850 -118.450   45.333 -117.750
   45.333 -115.000   48.417 -115.000   49.000 -114.667
B00000 ZMA                               2770 -8106    1
<REGION>ZMA
  56                 24.000   30.203  -85.050  -76.533   27.783  -85.000
   28.233  -84.917   28.167  -84.650   28.167  -84.500   28.633  -83.908
   27.950  -82.942   27.950  -82.383   28.567  -81.000   28.728  -80.986
   28.900  -80.733   29.000  -80.183   29.208  -79.617   30.137  -79.311
   30.203  -79.185   30.000  -77.000   28.133  -77.000   27.833  -76.533
   27.550  -77.000   27.000  -77.000   27.000  -78.883   26.450  -79.000
   24.667  -79.000   24.000  -78.000   24.000  -83.167   24.644  -83.241
   27.500  -84.500   27.500  -85.050   27.783  -85.000
B00000 ZME                               3478 -9031    1
<REGION>ZME
  76                 31.517   37.725  -95.612  -85.283   36.017  -95.612
   35.871  -95.367   36.433  -94.683   36.492  -94.408   36.725  -93.250
   37.150  -90.567   37.533  -88.833   37.725  -88.317   37.275  -87.397
   37.300  -86.150   37.014  -85.746   36.900  -85.583   36.183  -85.400
   35.650  -85.283   35.517  -86.000   35.333  -87.000   34.367  -87.000
   34.100  -87.250   34.017  -87.550   33.317  -87.633   33.043  -87.986
   32.697  -87.850   32.331  -88.347   31.517  -88.325   31.547  -88.900
   31.631  -89.850   31.650  -90.346   31.912  -91.308   32.283  -91.689
   33.004  -91.900   33.950  -93.158   34.033  -93.542   34.533  -94.533
   34.692  -94.783   35.067  -95.000   35.383  -95.000   35.654  -95.000
   36.017  -95.612
B00000 ZMP                               4604 -9334    1
<REGION>ZMP
 128                 39.467   49.000 -103.167  -82.186   49.000 -103.167
   49.000 -103.000   49.000 -102.500   49.000 -102.000   49.000 -101.500
   49.000 -101.000   49.000 -100.500   49.000 -100.000   49.000  -99.500
   49.000  -99.000   49.000  -98.500   49.000  -98.000   49.000  -97.500
   49.000  -97.000   49.000  -96.500   49.000  -96.000   49.000  -95.167
   49.000  -93.500   48.108  -90.100   48.022  -90.019   47.946  -89.919
   47.882  -89.801   47.833  -89.669   47.801  -89.526   47.785  -89.377
   47.787  -89.226   47.806  -89.078   47.842  -88.937   47.894  -88.807
   47.908  -88.775   47.083  -87.000   46.750  -85.633   46.383  -84.533
   46.250  -84.358   45.817  -83.583   45.333  -82.500   43.917  -82.186
   43.917  -83.667   43.500  -85.000   43.450  -85.742   43.567  -86.067
   43.567  -87.000   44.333  -88.050   44.342  -88.208   44.154  -89.587
   44.154  -90.292   43.618  -90.829   43.367  -91.083   42.725  -91.725
   42.783  -93.000   42.667  -93.050   41.667  -93.467   41.433  -93.508
   41.167  -93.600   40.525  -93.492   39.467  -98.800   39.983  -99.058
   42.000  -99.017   43.289 -100.100   43.708 -101.408   44.700 -101.483
   44.958 -103.167   46.600 -103.167   49.000 -103.167
B00000 ZNY                               3921 -7430    1
<REGION>ZNY
 124                 32.576   42.608  -78.128  -67.000   32.968  -76.779
   35.308  -75.190   35.497  -74.937   36.788  -74.600   37.082  -74.600
   38.542  -73.983   38.767  -73.842   39.035  -73.658   39.683  -73.167
   39.733  -73.283   39.933  -73.729   40.239  -73.699   39.983  -74.685
   40.110  -74.783   40.069  -75.329   39.861  -75.625   39.850  -75.650
   39.392  -76.347   39.385  -76.856   39.510  -77.358   39.782  -77.357
   39.772  -77.617   39.856  -77.840   40.550  -77.879   40.858  -78.128
   41.256  -77.850   41.678  -77.542   42.175  -77.236   42.608  -76.803
   42.283  -76.017   41.989  -75.342   41.869  -75.058   41.801  -74.908
   41.758  -74.808   41.733  -74.767   41.438  -74.444   41.246  -73.867
   40.858  -73.860   40.858  -73.378   40.801  -73.292   40.239  -73.699
   39.933  -73.729   39.733  -73.283   39.733  -73.150   39.994  -73.008
   40.199  -72.782   40.072  -72.500   40.577  -70.879   40.925  -69.342
   41.000  -69.000   41.617  -67.000   39.000  -67.000   38.333  -69.950
   37.517  -71.683   37.227  -72.667   35.093  -72.667   34.488  -73.573
   34.553  -73.681   34.313  -74.041   34.223  -73.950   32.576  -76.302
   32.968  -76.779
B00000 ZOA                               3833 -12162    1
<REGION>ZOA
  58                 34.500   41.333 -127.000 -117.008   40.983 -126.900
   40.217 -125.333   40.217 -123.833   40.388 -123.533   41.333 -123.533
   41.333 -123.000   41.333 -122.417   41.000 -121.250   41.000 -119.500
   39.933 -117.367   38.083 -117.267   37.883 -117.095   37.550 -117.095
   37.442 -117.076   37.367 -117.008   37.200 -117.333   37.200 -118.583
   36.133 -118.583   36.133 -119.167   35.633 -119.500   35.750 -120.117
   35.533 -120.850   34.500 -123.250   36.000 -124.200   35.500 -125.833
   36.462 -126.933   38.581 -126.616   40.000 -127.000   40.983 -126.900

B00000 ZOB                               4181 -8068    1
<REGION>ZOB
  88                 39.167   43.917  -85.000  -76.667   42.871  -82.467
   43.000  -82.417   43.617  -82.125   43.917  -82.186   43.917  -83.667
   43.500  -85.000   42.000  -85.000   41.858  -84.767   41.283  -84.717
   40.958  -84.700   40.908  -84.700   40.783  -83.746   40.738  -83.650
   40.558  -83.500   40.508  -83.333   40.600  -81.783   40.217  -81.633
   39.750  -81.550   39.167  -80.500   39.167  -80.400   39.174  -79.894
   39.371  -79.543   39.850  -77.933   39.856  -77.840   40.550  -77.879
   40.858  -78.128   41.256  -77.850   41.678  -77.542   42.175  -77.236
   42.608  -76.803   42.728  -76.697   42.883  -76.667   43.067  -76.764
   43.633  -76.792   43.633  -78.678   43.600  -78.750   43.433  -78.750
   43.198  -79.024   42.950  -79.058   42.836  -79.844   42.779  -80.896
   42.742  -81.221   42.829  -81.971   42.871  -82.467
B00000 ZSE                               4673 -12110    1
<REGION>ZSE
  94                 40.217   49.000 -128.000 -114.667   48.333 -128.000
   48.500 -125.000   48.500 -124.750   48.233 -123.550   48.283 -123.258
   48.425 -123.117   48.458 -123.167   48.700 -123.267   48.767 -123.008
   48.833 -123.008   49.000 -123.333   49.000 -123.000   49.000 -122.583
   49.000 -122.533   49.000 -122.000   49.000 -121.500   49.000 -121.000
   49.000 -120.500   49.000 -120.000   49.000 -119.500   49.000 -119.000
   49.000 -118.500   49.000 -118.000   49.000 -117.500   49.000 -117.000
   49.000 -116.500   49.000 -116.000   49.000 -115.500   49.000 -115.000
   49.000 -114.667   48.417 -115.000   45.333 -115.000   45.333 -117.750
   44.850 -118.450   43.633 -119.283   42.667 -119.000   41.000 -119.500
   41.000 -121.250   41.333 -122.417   41.333 -123.000   41.333 -123.533
   40.388 -123.533   40.217 -123.833   40.217 -125.333   40.983 -126.900
   45.000 -126.500   48.333 -128.000
B00000 ZTL                               3390 -8437    1
<REGION>ZTL
  64                 31.281   37.332  -88.347  -79.744   36.183  -85.400
   37.304  -80.746   37.332  -80.633   36.154  -79.950   36.089  -79.744
   35.383  -79.804   35.108  -80.000   34.856  -80.147   34.748  -80.469
   34.394  -81.333   33.698  -81.607   32.562  -81.933   32.167  -82.333
   31.683  -83.112   31.683  -84.100   31.533  -85.308   31.762  -85.583
   31.492  -86.950   31.281  -87.400   31.521  -87.817   31.517  -88.325
   32.331  -88.347   32.697  -87.850   33.043  -87.986   33.317  -87.633
   34.017  -87.550   34.100  -87.250   34.367  -87.000   35.333  -87.000
   35.517  -86.000   35.650  -85.283   36.183  -85.400
