B00000 0                                 2856  -5233   1
NAME=0
 498                  0.949   87.771 -180.000  180.000   41.834  167.447
   43.299  167.533   44.780  167.626   46.277  167.726   47.790  167.834
   49.319  167.950   50.862  168.077   52.421  168.215   53.993  168.366
   55.580  168.532   57.180  168.715   58.792  168.918   60.418  169.144
   62.130  165.882   63.784  165.943   65.449  166.008   67.124  166.082
   68.808  166.295   70.391  171.339   72.083  171.952   73.780  172.695
   75.481  173.614   77.183  174.781   78.884  176.308   80.580  178.391
   82.262 -178.613   83.914 -173.965   85.500 -165.948   86.909 -150.001
   87.771 -116.305   87.450  -74.026   86.239  -50.530   84.719  -39.439
   83.432  -18.830   81.693  -18.017   79.956  -17.491   78.224  -17.121
   76.497  -16.849   74.776  -16.637   73.061  -16.482   71.353  -16.398
   69.547  -21.071   67.866  -20.598   66.280  -16.558   64.615  -15.972
   62.877  -19.537   61.234  -19.267   59.603  -19.028   57.984  -18.813
   56.377  -18.621   54.784  -18.447   53.205  -18.289   51.639  -18.144
   50.088  -18.012   48.552  -17.891   47.031  -17.779   47.031  -17.779
   45.428  -19.807   45.428  -19.807   45.275  -21.927   43.599  -23.707
   43.599  -23.707   43.350  -25.713   41.622  -27.264   41.622  -27.264
   41.290  -29.153   40.913  -31.011   39.124  -32.271   39.124  -32.271
   38.681  -34.010   36.879  -35.095   36.879  -35.095   36.381  -36.721
   35.848  -38.310   34.035  -39.171   34.035  -39.171   33.462  -40.655
   32.861  -42.103   31.057  -42.776   31.057  -42.776   30.427  -44.128
   29.774  -45.446   29.101  -46.729   27.326  -47.195   27.326  -47.195
   26.637  -48.395   25.932  -49.562   25.211  -50.697   23.486  -51.002
   23.486  -51.002   22.761  -52.067   22.024  -53.102   21.277  -54.109
   20.521  -55.088   19.756  -56.039   18.984  -56.964   18.206  -57.863
   17.422  -58.736   16.634  -59.584   15.843  -60.409   15.049  -61.210
   14.252  -61.988   13.455  -62.745   12.656  -63.480   11.858  -64.194
   11.060  -64.888    9.724  -64.905    8.829  -65.424    8.053  -66.066
    7.282  -66.696    6.508  -67.301    5.738  -67.891    4.972  -68.466
    4.210  -69.026    3.452  -69.571    2.698  -70.103    1.949  -70.620
    1.205  -71.124    0.949  -72.357    1.425  -73.113    1.896  -73.880
    2.359  -74.661    2.815  -75.454    3.264  -76.260    3.705  -77.078
    4.974  -77.474    5.409  -78.327    5.834  -79.193    6.248  -80.071
    6.651  -80.962    7.043  -81.866    7.423  -82.782    7.790  -83.710
    8.144  -84.650    8.484  -85.602    8.810  -86.565    9.122  -87.539
    9.418  -88.523    9.699  -89.517    9.964  -90.521   10.212  -91.535
   10.443  -92.556   10.657  -93.586   10.853  -94.624   11.032  -95.668
   11.191  -96.719   11.332  -97.775   11.454  -98.837   11.557  -99.902
   11.641 -100.972   11.705 -102.043   11.749 -103.118   11.774 -104.193
   11.779 -105.269   11.764 -106.345   11.730 -107.419   11.675 -108.492
   11.602 -109.563   11.508 -110.631   11.396 -111.694   11.264 -112.753
   11.114 -113.807   10.945 -114.854   10.758 -115.895   10.553 -116.929
   10.330 -117.955   10.090 -118.973    9.834 -119.982    9.561 -120.981
    9.272 -121.970    8.968 -122.949    8.649 -123.918    8.649 -123.918
    9.263 -125.225    8.905 -126.184    8.533 -127.132    8.148 -128.066
    7.751 -128.988    7.341 -129.897    6.920 -130.792    6.488 -131.675
    6.046 -132.543    5.594 -133.399    5.594 -133.399    5.968 -134.715
    5.485 -135.551    4.994 -136.373    4.496 -137.181    3.990 -137.975
    3.477 -138.755    2.959 -139.520    2.435 -140.273    2.435 -140.273
    3.182 -140.807    3.932 -141.355    4.687 -141.917    5.445 -142.495
    6.207 -143.089    6.971 -143.699    7.738 -144.325    8.506 -144.968
    9.277 -145.629   10.048 -146.309   10.820 -147.007   11.592 -147.725
   12.363 -148.462   13.133 -149.221   13.902 -150.000   14.667 -150.801
   15.430 -151.625   16.188 -152.472   16.942 -153.342   17.690 -154.237
   18.431 -155.156   19.165 -156.100   19.890 -157.071   20.605 -158.067
   21.311 -159.090   21.038 -160.855   22.685 -161.219   23.352 -162.325
   24.003 -163.459   24.639 -164.621   25.256 -165.812   25.855 -167.030
   26.434 -168.277   26.992 -169.552   27.527 -170.855   28.038 -172.184
   28.524 -173.540   28.983 -174.922   29.415 -176.329   29.415 -176.329
   31.075 -177.300   31.463 -178.787   31.463 -178.787   33.117 -179.887
   33.452  178.543   33.452  178.543   35.091  177.300   35.365  175.645
   35.365  175.645   36.976  174.246   36.976  174.246   38.579  172.744
   38.749  170.937   38.749  170.937   40.302  169.253   40.302  169.253

B00000 1000                              6279  17283   1
NAME=1000
  20                 61.000   63.788  167.138  177.274   62.115  167.138
   63.528  169.653   63.612  171.720   63.788  173.484   63.371  177.102
   63.196  177.274   63.110  176.978   62.320  173.014   61.886  172.761
   61.000  169.231
B00000 1000                              6698   9759   1
NAME=1000
  28                 64.641   69.353 -180.000  180.000   65.381  169.452
   67.098  167.965   67.989  170.630   68.614  172.937   69.353  175.869
   69.053 -179.432   67.817 -177.556   66.029 -177.343   65.785  178.373
   66.686  176.333   67.200  174.808   66.867  173.735   65.337  170.638
   64.641  169.865
B00000 1000                              7109  -4300   1
NAME=1000
  80                 59.849   82.777  -70.909  -18.176   81.593  -24.356
   79.903  -21.422   78.200  -19.250   76.454  -19.924   74.759  -18.176
   73.191  -22.420   72.901  -23.047   71.166  -23.270   69.492  -22.401
   68.096  -25.224   67.569  -29.491   66.998  -33.595   66.507  -35.589
   65.511  -36.673   64.403  -39.837   63.899  -40.091   62.106  -41.467
   61.715  -41.656   59.849  -42.878   60.362  -46.659   61.615  -48.892
   63.104  -50.503   64.673  -52.022   66.491  -52.932   66.794  -52.837
   68.544  -50.747   69.155  -50.975   70.488  -54.017   72.070  -56.406
   73.481  -56.094   74.242  -56.868   75.619  -60.904   75.771  -64.860
   75.608  -69.944   76.855  -70.909   78.509  -67.805   79.975  -62.710
   81.176  -55.018   82.286  -45.628   82.777  -32.596
B00000 1000                              6452  -1984   1
NAME=1000
   8                 63.795   65.270  -21.549  -18.130   64.581  -18.130
   63.795  -19.702   64.457  -21.549   65.270  -19.993
B00000 1000                              8033  -7851   1
NAME=1000
  28                 76.800   82.979  -94.492  -60.837   82.979  -61.810
   82.087  -60.837   80.558  -66.783   79.278  -73.657   77.559  -76.089
   76.800  -83.723   77.694  -90.649   78.914  -94.492   79.681  -87.788
   79.979  -81.086   81.028  -85.088   82.297  -89.513   82.885  -79.548
   82.910  -68.212
B00000 1000                              6795 -15296   1
NAME=1000
  24                 66.039   69.635 -160.516 -143.317   68.501 -160.516
   68.722 -158.898   69.209 -155.333   69.267 -151.488   69.635 -149.526
   69.593 -143.317   67.316 -143.897   66.515 -147.795   66.330 -152.630
   66.342 -153.345   66.039 -158.591   68.008 -160.275
B00000 1000                              7548 -11350   1
NAME=1000
   8                 75.295   75.666 -114.353 -112.437   75.666 -113.728
   75.522 -112.437   75.295 -113.504   75.451 -114.353
B00000 1000                              7281  -8099   1
NAME=1000
  24                 70.048   75.871  -89.503  -70.025   75.871  -85.196
   74.605  -83.726   73.408  -81.880   72.598  -76.714   71.904  -71.545
   70.443  -70.025   70.048  -75.059   71.201  -79.019   71.893  -83.942
   73.133  -87.268   73.583  -88.078   75.107  -89.503
B00000 1000                              6505 -15544   1
NAME=1000
   8                 64.224   65.691 -157.887 -153.647   65.691 -157.887
   65.641 -154.135   64.224 -153.647   64.650 -156.103
B00000 1000                              4483 -11309   1
NAME=1000
 356                 15.720   68.977 -160.470  -87.113   60.414 -160.470
   60.766 -158.128   60.609 -155.472   62.517 -154.887   63.688 -152.292
   64.966 -149.820   65.924 -146.470   67.115 -143.483   67.551 -138.901
   66.965 -137.556   66.031 -133.234   66.124 -131.827   65.821 -126.975
   65.626 -125.505   64.204 -123.185   62.681 -121.659   60.997 -121.427
   60.698 -119.370   59.980 -115.835   58.334 -115.742   58.224 -115.039
   57.265 -111.716   58.765 -109.634   60.330 -111.127   62.018 -110.330
   63.267 -113.311   63.444 -114.388   64.954 -116.637   66.477 -118.702
   66.487 -118.792   67.656 -123.746   68.977 -120.510   68.343 -117.109
   67.594 -114.987   67.527 -110.512   67.089 -108.401   65.449 -106.022
   65.421 -106.003   63.788 -104.885   62.117 -102.975   61.697 -102.397
   60.375  -99.795   58.735  -99.700   57.567  -99.729   57.110  -99.665
   56.681  -99.877   55.554 -100.802   54.843 -102.928   54.035 -103.199
   53.913 -102.985   52.382 -100.813   52.211 -100.522   50.691  -98.637
   50.236  -98.333   49.208  -96.142   50.359  -95.010   51.982  -95.415
   53.012  -92.478   52.316  -90.092   51.278  -87.946   50.803  -87.561
   49.913  -88.592   49.471  -89.030   48.158  -90.569   47.239  -89.738
   46.671  -87.670   45.897  -87.113   45.231  -88.304   44.801  -89.322
   43.643  -91.072   43.612  -91.155   42.299  -92.305   40.979  -93.350
   39.934  -94.165   39.679  -94.482   38.348  -95.327   36.977  -95.759
   36.164  -96.788   35.730  -97.094   34.384  -97.491   33.093  -98.261
   31.712  -97.987   30.394  -98.157   29.441  -99.373   29.333 -100.885
   29.306 -100.905   29.242 -100.893   27.950 -100.074   26.657  -99.916
   25.387  -99.805   25.384  -99.803   24.036  -98.691   22.837  -99.007
   21.622  -98.974   21.548  -98.880   20.739  -97.697   20.239  -97.309
   19.314  -96.644   18.928  -96.341   17.684  -95.802   17.484  -95.716
   16.404  -94.984   15.720  -96.012   15.756  -97.175   16.210  -98.284
   16.428  -99.434   17.035  -99.971   17.999 -100.480   17.922 -101.692
   17.566 -102.909   18.375 -103.711   18.621 -104.086   19.548 -105.053
   20.724 -105.086   21.917 -105.051   22.202 -105.325   23.112 -106.330
   23.988 -106.683   24.319 -107.071   25.530 -107.931   25.979 -108.150
   26.732 -109.029   27.970 -109.662   28.165 -109.752   29.159 -110.996
   29.602 -111.401   30.360 -112.158   31.613 -112.902   33.017 -112.461
   33.542 -113.586   33.416 -115.211   32.547 -115.922   31.836 -116.479
   32.313 -117.270   33.598 -117.796   33.707 -118.617   34.499 -120.243
   35.481 -120.907   35.682 -121.316   37.028 -121.765   37.445 -121.620
   38.482 -121.846   39.277 -122.333   39.693 -123.013   40.824 -124.518
   42.257 -124.936   43.446 -124.164   44.195 -123.446   45.848 -123.104
   45.872 -123.104   47.394 -123.300   47.750 -124.026   48.511 -125.418
   49.601 -125.019   49.124 -122.725   49.031 -122.235   49.226 -122.232
   49.252 -122.340   50.214 -125.158   50.328 -125.436   51.163 -128.028
   52.654 -128.825   54.098 -129.888   55.597 -130.841   56.811 -132.907
   58.219 -134.371   58.260 -134.785   58.951 -138.056   59.510 -140.042
   59.644 -141.685   60.740 -144.203   60.441 -145.617   59.802 -148.883
   59.802 -151.117   60.059 -154.158   60.007 -155.123   59.556 -158.084
   59.372 -160.148
B00000 1000                              6728  -6643   1
NAME=1000
  12                 65.841   68.710  -71.360  -62.449   68.544  -66.352
   67.577  -62.625   66.015  -62.449   65.841  -66.374   67.010  -69.420
   68.710  -71.360
B00000 1000                              6731  -8380   1
NAME=1000
   8                 67.307   67.324  -83.825  -83.785   67.324  -83.796
   67.312  -83.785   67.307  -83.813   67.318  -83.825
B00000 1000                              6632  -9013   1
NAME=1000
   8                 66.021   66.651  -93.242  -88.824   66.397  -89.096
   66.212  -88.824   66.021  -89.359   66.651  -93.242
B00000 1000                              6135  -7376   1
NAME=1000
   8                 60.578   62.175  -76.435  -71.482   61.899  -72.738
   60.750  -71.482   60.578  -74.415   62.175  -76.435
B00000 1000                              4697  -7321   1
NAME=1000
 160                 34.313   58.377  -86.458  -56.428   57.856  -62.496
   57.086  -62.431   55.717  -62.108   54.192  -61.108   53.969  -61.176
   53.942  -60.669   53.301  -58.532   51.859  -57.291   51.830  -57.292
   50.024  -56.837   48.894  -56.428   49.267  -58.114   50.058  -58.054
   51.831  -57.341   51.592  -60.418   51.183  -61.960   50.924  -62.912
   50.572  -66.038   50.565  -66.073   49.818  -68.464   48.314  -69.293
   47.641  -69.465   46.459  -69.325   45.778  -71.339   46.057  -72.349
   45.496  -71.606   44.092  -71.939   44.059  -72.908   44.578  -73.006
   46.411  -73.331   46.473  -75.819   46.324  -77.345   45.070  -78.553
   43.671  -79.286   42.670  -78.629   42.769  -76.849   43.300  -75.904
   42.617  -74.122   41.529  -73.907   41.012  -75.378   40.984  -76.530
   39.826  -77.703   38.382  -78.102   37.274  -79.297   36.505  -80.384
   36.249  -80.684   35.027  -81.494   34.313  -83.375   35.969  -84.347
   36.600  -84.103   37.371  -84.041   37.628  -83.605   38.460  -82.665
   39.601  -81.430   41.147  -81.346   42.352  -80.177   43.278  -80.460
   44.230  -80.958   45.448  -79.659   47.124  -80.293   46.358  -82.613
   45.937  -83.417   46.629  -83.593   47.898  -84.691   48.949  -86.458
   49.083  -84.017   48.623  -81.785   47.888  -79.766   48.509  -78.742
   49.394  -76.271   51.104  -76.110   52.686  -75.506   53.484  -75.166
   54.221  -74.674   55.967  -74.373   56.346  -72.133   56.474  -70.450
   56.373  -68.582   56.887  -66.550   58.377  -65.196
B00000 1000                              5886 -10595   1
NAME=1000
   8                 58.756   59.005 -106.810 -105.427   59.005 -105.788
   58.861 -105.427   58.756 -105.782   58.847 -106.810
B00000 1000                              4751  -9648   1
NAME=1000
   8                 46.667   48.591  -96.901  -96.035   48.591  -96.287
   47.363  -96.035   46.667  -96.714   47.451  -96.901
B00000 1000                              2077 -15624   1
NAME=1000
   8                 20.169   21.428 -156.953 -155.443   21.304 -156.953
   21.428 -155.759   20.169 -155.443   20.201 -156.811
B00000 1000                              3766  -9122   1
NAME=1000
   8                 37.207   38.057  -92.143  -90.607   38.057  -90.942
   37.554  -90.607   37.207  -91.208   37.849  -92.143
B00000 1000                              3608 -11961   1
NAME=1000
   8                 35.845   36.431 -120.617 -119.108   36.431 -119.449
   36.168 -119.108   35.897 -119.279   35.845 -120.617
B00000 1000                              3659  -9317   1
NAME=1000
   8                 36.583   36.611  -93.192  -93.171   36.611  -93.173
   36.591  -93.171   36.583  -93.181   36.595  -93.192
B00000 1000                              1879  -7170   1
NAME=1000
   8                 18.070   19.607  -72.462  -71.026   19.607  -71.125
   18.298  -71.026   18.070  -72.194   19.189  -72.462
B00000 1000                              2013  -7661   1
NAME=1000
   8                 19.699   20.568  -77.081  -76.153   20.568  -76.362
   19.897  -76.153   19.699  -76.862   20.367  -77.081
B00000 1000                              1005  -6700   1
NAME=1000
   8                  9.574   10.560  -67.499  -66.409   10.560  -66.669
    9.619  -66.409    9.574  -67.450   10.459  -67.499
B00000 1000                               944  -7003   1
NAME=1000
  28                  7.437   10.958  -71.567  -67.991   10.616  -69.265
   10.328  -68.176    9.537  -67.991    9.421  -68.857    9.180  -69.237
    8.364  -69.836    7.693  -70.625    7.437  -71.487    8.320  -71.567
    9.285  -71.192    9.825  -71.099   10.555  -71.247   10.958  -70.313
   10.734  -69.653
B00000 1000                              1102  -7399   1
NAME=1000
   8                 10.343   11.748  -74.740  -73.175   11.748  -73.611
   10.545  -73.175   10.343  -74.470   11.469  -74.740
B00000 1000                              1507  -8934   1
NAME=1000
  52                 12.352   17.837  -94.428  -84.832   17.731  -93.236
   17.837  -91.984   16.850  -91.009   16.695  -90.804   16.390  -89.920
   15.658  -88.927   15.458  -87.787   15.630  -86.969   15.877  -86.434
   15.665  -85.287   14.916  -84.832   13.812  -84.996   12.764  -85.268
   12.352  -86.471   13.381  -87.130   13.547  -87.225   13.540  -87.643
   13.401  -88.432   13.724  -89.493   13.552  -90.691   14.093  -91.703
   14.709  -92.099   15.278  -92.586   15.360  -93.740   16.308  -94.428
   17.369  -93.952
B00000 1000                               603  -7435   1
NAME=1000
  52                  2.674    8.965  -77.363  -71.415    8.965  -72.895
    8.353  -72.082    7.271  -71.782    7.158  -71.673    5.863  -71.415
    5.066  -71.949    4.377  -72.631    3.542  -73.061    2.674  -73.410
    2.709  -74.455    3.203  -75.233    3.356  -76.209    4.518  -76.611
    4.617  -76.588    5.751  -76.894    6.005  -76.928    7.097  -77.363
    7.727  -76.437    7.978  -75.844    7.798  -74.792    6.656  -74.531
    6.168  -74.607    6.486  -74.241    7.306  -73.699    7.572  -73.763
    8.675  -74.043
B00000 1000                               894  -7881   1
NAME=1000
   8                  8.664    9.191  -79.254  -78.462    9.191  -78.646
    8.773  -78.462    8.664  -78.908    9.156  -79.254
B00000 1000                              1022  -8435   1
NAME=1000
  12                  9.260   11.146  -85.509  -83.006   11.146  -84.625
   10.824  -83.614    9.681  -83.006    9.260  -84.227    9.810  -85.123
   10.615  -85.509
B00000 1000                               212  -7230   1
NAME=1000
  12                  1.682    2.781  -73.355  -71.792    2.781  -72.255
    1.822  -71.792    1.688  -71.854    1.682  -71.883    2.140  -72.664
    2.640  -73.355
B00000 2000                              6209  16953   1
NAME=2000
   8                 61.584   62.710  168.393  170.901   62.087  168.393
   62.710  169.508   61.991  170.901   61.584  169.322
B00000 2000                              6770  10276   1
NAME=2000
  20                 66.596   68.577 -180.000  180.000   67.048  169.842
   67.246  170.441   68.488  175.104   68.577  175.462   68.377 -179.941
   68.021 -179.380   67.349  179.343   68.311  175.329   66.999  171.150
   66.596  170.286
B00000 2000                              7111  -4301   1
NAME=2000
  80                 60.072   82.001  -67.998  -19.712   79.803  -25.292
   78.160  -21.366   76.373  -22.971   74.731  -19.712   73.634  -22.625
   72.844  -24.302   71.075  -25.032   69.427  -23.723   68.555  -25.451
   67.856  -29.687   67.186  -33.758   66.255  -37.410   66.181  -37.638
   64.776  -40.243   63.764  -40.732   62.384  -41.766   61.600  -42.133
   60.072  -43.114   60.494  -46.222   61.747  -48.477   63.252  -50.042
   65.057  -50.796   65.822  -51.019   67.059  -51.019   68.102  -49.898
   69.325  -50.307   70.757  -52.996   72.532  -54.630   72.938  -54.500
   74.469  -55.913   76.004  -59.341   76.289  -67.529   76.276  -67.941
   76.374  -67.998   78.222  -65.989   79.757  -61.378   80.941  -53.778
   82.001  -44.425   81.410  -30.073   81.101  -29.193
B00000 2000                              8183  -8084   1
NAME=2000
   8                 81.331   82.206  -84.312  -73.874   82.206  -81.907
   81.331  -73.874   81.734  -83.298   82.065  -84.312
B00000 2000                              7844  -8478   1
NAME=2000
  12                 77.355   79.382  -90.914  -78.138   78.990  -88.903
   79.382  -78.138   77.800  -78.229   77.355  -82.732   78.379  -89.778
   78.763  -90.914
B00000 2000                              6784 -15139   1
NAME=2000
  20                 67.036   69.372 -157.031 -144.204   67.546 -157.031
   68.019 -154.569   68.278 -152.395   69.372 -148.797   69.343 -144.204
   67.634 -144.576   67.100 -149.204   67.036 -150.954   67.101 -155.593
   67.040 -156.670
B00000 2000                              7117  -7351   1
NAME=2000
   8                 70.935   71.501  -75.128  -72.580   71.255  -72.868
   71.006  -72.580   70.935  -73.481   71.501  -75.128
B00000 2000                              6724  -6616   1
NAME=2000
  12                 66.313   67.996  -68.601  -63.502   67.957  -67.591
   67.150  -63.621   66.398  -63.502   66.313  -65.428   67.638  -68.230
   67.996  -68.601
B00000 2000                              4015 -11478   1
NAME=2000
 276                 15.905   65.810 -154.405  -95.280   62.327 -154.405
   62.649 -150.101   62.659 -149.922   62.770 -149.837   64.653 -149.098
   65.418 -145.404   65.703 -142.076   65.810 -140.999   65.453 -135.723
   65.381 -135.480   65.761 -131.381   65.295 -127.526   63.823 -125.656
   62.318 -124.098   60.613 -123.898   59.166 -122.253   58.404 -121.456
   57.802 -120.126   56.509 -117.453   56.934 -114.622   56.832 -114.309
   55.729 -111.396   55.487 -110.582   53.904 -110.365   53.461 -108.314
   52.464 -106.491   50.898 -106.729   50.636 -105.611   49.357 -103.554
   48.874 -103.250   47.754 -101.222   46.235 -101.199   44.743 -101.416
   44.679 -101.331   43.668  -99.369   43.111  -99.004   41.593  -98.450
   40.183  -99.011   38.752  -99.098   37.337  -99.182   35.935  -99.196
   34.889 -100.385   34.646 -100.525   33.288 -100.663   32.763 -100.587
   31.910 -100.248   30.549  -99.875   30.336 -100.801   29.341 -101.521
   28.026 -101.202   27.700 -101.017   26.695 -100.419   25.408 -100.096
   25.127  -99.831   24.061  -98.947   22.870  -99.351   21.651  -99.278
   21.354  -98.903   20.306  -97.862   20.221  -97.768   18.992  -96.796
   18.839  -96.718   17.715  -96.005   17.172  -95.769   16.454  -95.280
   15.994  -95.967   15.905  -97.153   16.674  -98.227   16.977  -99.319
   16.998  -99.376   18.186 -100.051   18.381 -100.448   18.390 -101.663
   18.316 -102.032   17.923 -102.895   18.366 -103.331   18.860 -104.082
   19.548 -104.796   20.724 -104.826   21.916 -104.767   22.501 -105.327
   23.118 -106.006   24.334 -106.574   24.493 -106.700   25.540 -107.695
   26.547 -108.185   26.766 -108.440   27.988 -109.396   28.923 -109.824
   29.227 -110.202   30.447 -111.311   30.666 -111.540   31.677 -112.333
   32.576 -111.803   33.141 -111.233   33.396 -111.920   34.274 -113.461
   34.629 -113.787   34.170 -115.375   33.784 -116.770   33.602 -116.914
   33.747 -116.982   33.984 -118.698   34.574 -119.906   35.607 -119.188
   36.232 -118.793   36.840 -119.580   37.228 -120.909   38.548 -121.565
   39.874 -122.273   40.114 -122.676   40.936 -124.091   42.437 -124.253
   42.936 -123.922   44.422 -122.470   44.460 -122.461   46.019 -122.335
   47.715 -121.795   47.861 -121.696   49.341 -121.655   49.541 -122.479
   50.312 -124.734   50.688 -125.648   51.294 -127.530   52.847 -128.092
   54.335 -128.995   55.948 -129.514   56.982 -132.307   58.621 -132.966
   58.876 -135.470   59.236 -137.189   60.212 -140.117   60.822 -141.957
   61.195 -143.028   60.606 -145.906   60.381 -149.979   60.384 -150.027
   60.462 -154.346
B00000 2000                              6807 -11987   1
NAME=2000
   8                 67.921   68.195 -120.293 -119.559   68.195 -119.927
   68.128 -119.559   67.921 -119.733   68.055 -120.293
B00000 2000                              5181  -6452   1
NAME=2000
   8                 51.748   51.938  -64.773  -64.388   51.833  -64.388
   51.757  -64.429   51.748  -64.506   51.938  -64.773
B00000 2000                              5169  -6820   1
NAME=2000
   8                 50.652   52.595  -69.958  -66.676   52.595  -66.676
   51.129  -67.151   50.652  -69.045   52.412  -69.958
B00000 2000                              5625 -11963   1
NAME=2000
   8                 56.080   56.478 -120.375 -117.628   56.360 -120.375
   56.478 -117.628   56.080 -120.237   56.108 -120.306
B00000 2000                              5523 -11411   1
NAME=2000
   8                 55.215   55.259 -114.127 -114.092   55.259 -114.126
   55.230 -114.092   55.215 -114.114   55.227 -114.127
B00000 2000                              4688 -11892   1
NAME=2000
   8                 46.257   47.885 -119.654 -117.938   47.885 -119.349
   46.839 -117.938   46.257 -118.751   46.550 -119.654
B00000 2000                              2079 -15626   1
NAME=2000
   8                 20.498   21.117 -156.616 -155.871   21.056 -156.616
   21.117 -156.030   20.498 -155.871   20.513 -156.548
B00000 2000                              3875  -7906   1
NAME=2000
   8                 38.555   38.953  -79.233  -78.918   38.953  -78.918
   38.709  -78.940   38.555  -79.166   38.819  -79.233
B00000 2000                              3604  -8253   1
NAME=2000
  12                 34.880   36.891  -83.590  -82.072   36.891  -82.077
   36.737  -82.072   35.250  -82.130   34.880  -83.100   35.734  -83.590
   36.791  -82.230
B00000 2000                              1877  -7171   1
NAME=2000
   8                 18.361   19.233  -72.145  -71.330   19.233  -71.390
   18.491  -71.330   18.361  -71.996   18.997  -72.145
B00000 2000                              1009  -6702   1
NAME=2000
   8                  9.986   10.205  -67.136  -66.894   10.205  -66.953
    9.997  -66.894    9.986  -67.126   10.183  -67.136
B00000 2000                               991  -6849   1
NAME=2000
   8                  9.889    9.935  -68.531  -68.474    9.924  -68.482
    9.893  -68.474    9.889  -68.508    9.935  -68.531
B00000 2000                               951  -7042   1
NAME=2000
  16                  8.057   10.315  -71.070  -69.422   10.287  -70.782
   10.315  -69.485    9.311  -69.422    8.499  -70.031    8.057  -71.070
    9.160  -71.005   10.241  -70.813   10.271  -70.819
B00000 2000                              1103  -7401   1
NAME=2000
   8                 10.560   11.539  -74.525  -73.435   11.539  -73.741
   10.702  -73.435   10.560  -74.340   11.346  -74.525
B00000 2000                              1511  -8936   1
NAME=2000
  52                 12.747   17.542  -94.101  -85.477   17.542  -92.055
   16.840  -91.419   16.552  -91.086   16.152  -89.987   15.131  -89.084
   15.051  -87.917   15.182  -86.675   15.147  -85.493   15.145  -85.479
   15.141  -85.477   13.984  -85.489   12.939  -85.777   12.747  -86.335
   13.224  -86.637   13.997  -87.076   14.197  -88.187   14.994  -89.124
   14.113  -89.655   13.827  -90.618   14.576  -91.516   14.620  -91.574
   15.723  -92.484   15.661  -93.678   16.248  -94.101   17.103  -93.373
   17.224  -93.200
B00000 2000                               588  -7436   1
NAME=2000
  60                  3.054    8.764  -76.747  -71.492    8.764  -73.022
    8.044  -72.284    7.494  -72.128    7.079  -71.725    5.913  -71.492
    5.125  -72.041    4.684  -73.120    4.277  -73.511    4.003  -73.813
    3.649  -73.893    3.054  -74.037    3.060  -74.247    3.592  -75.009
    3.448  -76.158    4.462  -76.508    5.000  -76.379    5.554  -76.525
    6.522  -76.650    6.773  -76.747    7.062  -76.355    7.465  -75.956
    7.551  -74.936    6.789  -74.760    5.754  -74.911    5.711  -74.875
    5.714  -74.841    6.374  -74.052    7.191  -73.509    7.764  -73.646
    8.557  -73.845
B00000 2000                              1019  -8432   1
NAME=2000
  12                  9.435   10.671  -85.124  -83.212   10.671  -84.804
   10.647  -83.685    9.763  -83.212    9.435  -84.159   10.185  -84.984
   10.479  -85.124
B00000 3000                              7111  -4074   1
NAME=3000
  80                 60.294   81.713  -65.347  -21.240   78.103  -23.466
   76.984  -24.629   76.301  -24.923   75.774  -23.795   74.692  -21.240
   74.077  -22.842   72.780  -25.547   70.965  -26.776   69.350  -25.036
   69.015  -25.688   68.142  -29.889   67.375  -33.925   66.462  -37.624
   65.876  -39.361   65.149  -40.661   63.627  -41.366   62.662  -42.072
   61.483  -42.606   60.294  -43.354   60.624  -45.781   61.876  -48.058
   63.397  -49.576   65.125  -49.826   65.371  -49.738   67.551  -49.203
   67.655  -49.084   69.492  -49.627   71.021  -51.945   72.293  -52.776
   72.843  -53.337   74.692  -54.929   76.378  -57.690   77.033  -65.347
   77.923  -64.262   79.533  -60.102   80.703  -52.601   81.713  -43.304
   81.291  -32.744   79.692  -28.283   79.171  -26.613
B00000 3000                              7817  -8172   1
NAME=3000
   8                 77.906   78.433  -84.282  -80.452   78.433  -80.510
   78.023  -80.452   77.906  -81.650   78.350  -84.282
B00000 3000                              6844 -14696   1
NAME=3000
   8                 67.633   69.106 -149.415 -145.070   69.106 -148.087
   69.089 -145.070   67.950 -145.276   67.633 -149.415
B00000 3000                              6151 -14995   1
NAME=3000
  16                 60.588   62.453 -153.929 -145.351   62.136 -153.929
   62.382 -150.671   62.453 -149.480   62.424 -145.351   60.770 -146.198
   60.588 -149.556   60.653 -150.579   60.711 -153.908
B00000 3000                              6386 -14688   1
NAME=3000
   8                 63.035   64.898 -148.883 -144.515   64.337 -148.395
   64.898 -144.515   63.035 -145.745   63.193 -148.883
B00000 3000                              4026 -11414   1
NAME=3000
 296                 16.053   65.397 -141.354  -95.576   65.360 -140.219
   65.141 -136.948   64.211 -133.913   65.397 -130.949   65.111 -128.558
   63.664 -126.583   62.179 -124.942   60.316 -125.577   58.958 -123.509
   57.548 -121.783   55.922 -121.477   55.244 -119.839   54.824 -117.766
   54.065 -116.541   53.475 -115.546   52.117 -113.313   52.108 -113.289
   50.570 -112.889   49.468 -110.338   49.278 -108.978   47.703 -109.792
   46.628 -107.750   46.310 -106.442   46.182 -105.543   44.810 -103.560
   44.609 -103.431   43.261 -101.476   43.249 -101.456   41.736 -100.415
   40.323 -101.125   38.877 -100.933   37.461 -100.989   36.058 -100.973
   34.697 -101.400   33.350 -101.798   32.407 -102.214   32.042 -102.823
   31.069 -102.289   30.688 -102.209   29.371 -102.137   28.053 -101.687
   26.979 -101.073   26.729 -100.923   25.430 -100.386   24.869  -99.857
   24.085  -99.204   22.900  -99.695   21.678  -99.582   21.160  -98.925
   20.334  -98.100   20.054  -97.790   19.015  -96.966   18.603  -96.754
   17.745  -96.208   16.861  -95.822   16.502  -95.576   16.269  -95.921
   16.053  -97.132   16.844  -98.064   17.145  -98.168   17.746  -99.298
   18.140  -99.520   18.593 -100.431   18.573 -101.652   19.508 -102.806
   19.551 -102.831   19.512 -102.901   19.097 -102.849   18.347 -102.741
   18.282 -102.881   18.354 -102.952   19.101 -104.078   19.546 -104.539
   20.722 -104.566   21.915 -104.483   22.801 -105.329   23.123 -105.681
   24.338 -106.379   24.757 -106.708   25.550 -107.459   26.787 -108.043
   26.978 -108.212   28.006 -109.129   29.271 -109.611   29.846 -109.915
   30.517 -110.522   31.619 -111.669   31.738 -111.762   31.842 -111.700
   33.221 -110.290   33.863 -111.989   34.348 -112.834   35.589 -113.970
   34.707 -115.495   35.181 -116.786   35.332 -117.365   36.293 -118.477
   37.250 -119.715   37.389 -120.184   38.613 -121.282   39.975 -121.844
   40.591 -122.876   41.047 -123.663   42.316 -123.636   42.627 -123.499
   43.920 -122.227   44.483 -120.298   44.977 -119.765   45.529 -120.708
   46.181 -121.567   46.929 -121.289   46.401 -120.457   45.800 -118.591
   46.997 -116.891   48.432 -117.721   48.615 -119.632   49.452 -121.074
   49.830 -122.620   50.409 -124.308   51.047 -125.863   51.423 -127.028
   53.034 -127.351   54.062 -127.852   55.003 -125.553   53.717 -124.344
   53.469 -121.804   54.380 -120.776   54.759 -122.483   55.137 -125.610
   55.142 -125.644   56.193 -128.531   56.458 -129.704   57.150 -131.701
   58.720 -131.737   59.329 -128.804   60.003 -127.183   60.011 -129.408
   59.382 -132.395   59.490 -136.185   59.515 -136.305   60.711 -138.638
   61.371 -138.603   61.547 -135.898   61.448 -134.669   61.885 -134.674
   63.715 -134.962   63.368 -137.151   63.854 -141.354
B00000 3000                              3548  -8280   1
NAME=3000
   8                 35.450   35.541  -82.841  -82.772   35.541  -82.772
   35.467  -82.772   35.450  -82.818   35.490  -82.841
B00000 3000                              3481 -11878   1
NAME=3000
   8                 34.261   35.317 -119.568 -117.676   35.317 -119.099
   35.023 -117.676   34.261 -118.780   34.647 -119.568
B00000 3000                              1874  -7172   1
NAME=3000
   8                 18.652   18.860  -71.831  -71.637   18.860  -71.652
   18.683  -71.637   18.652  -71.796   18.804  -71.831
B00000 3000                               926  -7027   1
NAME=3000
  12                  8.365   10.086  -70.860  -69.609   10.086  -69.651
    9.442  -69.609    8.634  -70.226    8.365  -70.860    9.035  -70.818
   10.056  -70.500
B00000 3000                              1104  -7402   1
NAME=3000
   8                 10.778   11.330  -74.311  -73.696   11.330  -73.870
   10.859  -73.696   10.778  -74.208   11.222  -74.311
B00000 3000                              1571  -9124   1
NAME=3000
  24                 14.103   17.249  -92.637  -89.421   17.249  -92.126
   16.936  -91.840   16.337  -91.142   15.914  -90.053   15.187  -89.421
   14.233  -90.112   14.103  -90.545   14.441  -90.946   14.871  -91.512
   15.879  -92.266   16.365  -92.335   17.109  -92.637
B00000 3000                              1617  -9346   1
NAME=3000
   8                 15.963   16.509  -93.775  -92.985   16.509  -93.499
   16.031  -92.985   15.963  -93.615   16.187  -93.775
B00000 3000                              1445  -8691   1
NAME=3000
   8                 14.435   14.473  -86.973  -86.855   14.469  -86.918
   14.435  -86.855   14.449  -86.924   14.473  -86.973
B00000 3000                               607  -7424   1
NAME=3000
  52                  3.540    8.563  -76.404  -71.568    8.563  -73.149
    7.736  -72.483    7.716  -72.477    7.000  -71.777    5.964  -71.568
    5.184  -72.132    4.836  -73.165    4.800  -73.309    4.410  -74.497
    4.395  -74.540    3.681  -75.107    3.540  -76.107    4.406  -76.404
    5.362  -76.174    5.380  -76.170    6.585  -76.396    7.262  -75.591
    7.305  -75.080    6.922  -74.990    5.872  -75.115    5.634  -74.920
    5.652  -74.734    6.261  -73.864    7.075  -73.320    7.956  -73.527
    8.438  -73.647
B00000 3000                              1006  -8400   1
NAME=3000
   8                  9.610   10.469  -84.757  -83.419   10.469  -83.755
    9.844  -83.419    9.610  -84.092   10.347  -84.757
B00000 4000                              7077  -4134   1
NAME=4000
  76                 60.516   81.423  -62.439  -22.759   74.643  -22.759
   74.521  -23.071   72.708  -26.782   71.789  -27.375   70.896  -27.746
   69.237  -26.707   68.429  -30.096   67.563  -34.094   66.669  -37.842
   65.552  -41.039   65.520  -41.093   63.487  -41.993   62.939  -42.384
   61.365  -43.075   60.516  -43.598   60.753  -45.336   62.005  -47.635
   63.541  -49.104   64.775  -49.256   65.598  -48.937   67.261  -48.397
   67.784  -48.287   69.656  -48.936   71.279  -50.864   71.572  -51.030
   73.057  -52.401   74.910  -53.916   75.856  -55.244   76.660  -56.348
   77.760  -62.439   79.305  -58.880   80.460  -51.484   81.423  -42.260
   81.155  -35.337   79.596  -30.371   78.031  -25.564   76.246  -26.174
   74.854  -23.251
B00000 4000                              6851 -14685   1
NAME=4000
   8                 68.109   68.838 -148.095 -145.915   68.838 -147.396
   68.830 -145.915   68.263 -145.996   68.109 -148.095
B00000 4000                              6151 -14997   1
NAME=4000
  16                 60.793   62.246 -153.462 -145.853   61.942 -153.460
   62.113 -151.229   62.246 -149.045   62.224 -145.853   60.934 -146.494
   60.793 -149.127   60.919 -151.142   60.958 -153.462
B00000 4000                              6385 -14718   1
NAME=4000
   8                 63.554   64.223 -147.897 -146.359   64.017 -147.709
   64.223 -146.359   63.554 -146.758   63.611 -147.897
B00000 4000                              6452 -13894   1
NAME=4000
   8                 64.087   64.907 -139.963 -138.142   64.907 -139.469
   64.819 -138.142   64.087 -138.193   64.290 -139.963
B00000 4000                              6275 -12975   1
NAME=4000
  20                 60.660   65.033 -132.213 -125.776   65.033 -130.530
   64.919 -129.574   63.499 -127.498   62.034 -125.776   60.660 -126.376
   60.891 -130.234   60.851 -131.433   62.507 -132.213   62.718 -132.135
   64.460 -131.805
B00000 4000                              5709 -12633   1
NAME=4000
  24                 55.446   58.948 -131.090 -122.633   58.037 -131.090
   58.734 -128.300   58.948 -125.088   58.736 -124.748   57.389 -122.733
   55.723 -122.633   55.446 -122.866   55.542 -123.613   55.890 -126.149
   56.414 -127.594   56.994 -130.159   57.315 -131.088
B00000 4000                              3540 -11015   1
NAME=4000
 248                 16.203   54.435 -126.629  -95.872   52.268 -126.629
   51.834 -125.320   51.662 -123.566   52.584 -121.658   52.721 -121.432
   54.435 -119.472   53.305 -116.973   53.078 -116.207   52.043 -113.983
   50.496 -113.686   49.113 -112.649   49.047 -112.499   47.555 -111.925
   46.975 -109.999   46.239 -108.705   46.034 -107.709   44.821 -105.527
   44.817 -105.525   43.336 -104.240   41.859 -103.543   41.789 -103.533
   40.394 -102.935   38.937 -102.235   37.534 -102.663   36.125 -102.390
   34.745 -102.480   33.406 -103.390   33.121 -103.788   32.077 -104.867
   31.453 -103.829   30.719 -103.089   29.422 -103.784   28.708 -102.415
   28.076 -102.173   26.782 -101.862   26.391 -101.118   25.450 -100.677
   24.613  -99.882   24.109  -99.460   22.929 -100.039   21.705  -99.887
   20.967  -98.947   20.361  -98.339   19.888  -97.813   19.037  -97.136
   18.367  -96.790   17.775  -96.411   16.551  -95.874   16.548  -95.872
   16.546  -95.875   16.203  -97.110   16.817  -97.831   17.621  -98.108
   18.068  -98.782   18.241  -99.246   18.805 -100.413   18.755 -101.641
   19.499 -102.554   19.943 -102.815   19.531 -103.542   19.342 -104.074
   19.544 -104.283   20.720 -104.306   21.911 -104.199   23.103 -105.331
   23.125 -105.356   24.342 -106.183   25.023 -106.717   25.558 -107.224
   26.798 -107.780   27.316 -108.233   28.022 -108.862   29.300 -109.176
   30.580 -109.704   31.196 -110.051   31.847 -110.569   32.231 -110.160
   33.246 -109.959   33.667 -110.317   34.332 -112.059   34.416 -112.204
   35.673 -113.396   37.045 -113.703   37.385 -114.330   36.921 -116.014
   36.686 -116.250   35.933 -115.778   35.411 -115.344   35.247 -115.618
   35.334 -115.851   35.768 -117.483   36.354 -118.160   37.583 -119.252
   37.675 -119.856   38.677 -120.999   40.073 -121.413   41.068 -123.081
   41.155 -123.232   41.396 -123.224   42.851 -122.559   43.403 -122.006
   43.907 -120.080   43.771 -117.920   43.770 -117.917   42.614 -115.627
   42.564 -115.511   42.669 -115.225   42.821 -115.577   43.773 -117.912
   43.778 -117.920   45.170 -118.689   45.345 -118.434   45.978 -116.436
   47.257 -114.903   48.357 -114.823   48.940 -113.650   48.845 -114.952
   49.105 -117.414   49.197 -119.865   49.559 -120.489   50.120 -122.764
   50.503 -123.880   51.407 -126.084   51.549 -126.522
B00000 4000                              3479 -11886   1
NAME=4000
   8                 34.538   35.028 -119.229 -118.352   35.028 -119.010
   34.895 -118.352   34.538 -118.862   34.718 -119.229
B00000 4000                              3077 -10688   1
NAME=4000
   8                 30.692   30.987 -106.986 -106.721   30.987 -106.932
   30.724 -106.721   30.692 -106.921   30.717 -106.986
B00000 4000                              2755 -10460   1
NAME=4000
  16                 26.661   28.148 -105.370 -103.382   28.148 -105.365
   28.137 -105.312   27.542 -103.918   26.838 -103.382   26.661 -103.936
   26.854 -104.231   28.126 -105.365   28.136 -105.370
B00000 4000                               927  -7025   1
NAME=4000
  12                  8.673    9.856  -70.647  -69.796    9.856  -69.815
    9.573  -69.796    8.769  -70.423    8.673  -70.647    8.910  -70.632
    9.844  -70.188
B00000 4000                              1105  -7403   1
NAME=4000
   8                 10.996   11.122  -74.098  -73.958   11.122  -73.998
   11.015  -73.958   10.996  -74.075   11.097  -74.098
B00000 4000                              1541  -9082   1
NAME=4000
  12                 14.469   16.122  -91.962  -89.771   16.122  -91.197
   15.678  -90.119   15.281  -89.771   14.469  -90.447   15.122  -91.449
   15.812  -91.962
B00000 4000                               652  -7314   1
NAME=4000
  28                  4.546    8.363  -74.626  -71.645    8.363  -73.274
    8.063  -73.032    7.208  -72.820    6.922  -71.829    6.014  -71.645
    5.243  -72.224    4.950  -73.094    4.867  -73.419    4.546  -74.451
    5.589  -74.626    6.148  -73.677    6.959  -73.132    8.148  -73.408
    8.319  -73.450
B00000 4000                               552  -7553   1
NAME=4000
  24                  3.633    7.059  -76.301  -74.604    7.059  -75.222
    7.054  -75.221    5.988  -75.320    5.557  -74.964    4.473  -74.604
    3.750  -75.227    3.633  -76.056    4.350  -76.301    5.315  -76.087
    5.666  -76.011    6.454  -76.156    7.058  -75.229
B00000 4000                              1005  -8397   1
NAME=4000
   8                  9.786   10.292  -84.415  -83.626   10.292  -83.825
    9.924  -83.626    9.786  -84.023   10.222  -84.415
B00000 5000                              7056  -4234   1
NAME=5000
  72                 60.738   81.129  -59.439  -24.885   81.001  -37.846
   79.486  -32.419   77.905  -28.408   76.184  -27.414   74.555  -24.885
   72.637  -28.000   72.627  -28.008   70.824  -28.689   69.056  -28.942
   68.715  -30.309   67.751  -34.267   66.875  -38.064   65.897  -41.546
   65.378  -41.878   63.343  -42.614   63.215  -42.702   61.244  -43.541
   60.738  -43.846   60.880  -44.887   62.132  -47.208   63.684  -48.627
   64.422  -48.702   65.821  -48.120   66.872  -47.747   67.982  -47.475
   69.818  -48.234   70.704  -49.144   71.517  -49.809   73.266  -51.440
   75.124  -52.874   75.124  -52.875   76.918  -55.034   78.401  -59.439
   79.072  -57.710   80.215  -50.423   81.129  -41.284
B00000 5000                              6151 -14999   1
NAME=5000
  16                 60.997   62.037 -153.008 -146.348   61.748 -152.998
   61.842 -151.777   62.037 -148.616   62.022 -146.348   61.097 -146.793
   60.997 -148.691   61.183 -151.715   61.204 -153.008
B00000 5000                              6250 -12829   1
NAME=5000
  12                 61.255   64.020 -129.545 -126.602   64.020 -129.433
   63.328 -128.401   61.884 -126.602   61.255 -126.862   61.418 -128.936
   63.099 -129.545
B00000 5000                              5745 -12610   1
NAME=5000
  16                 56.672   58.142 -128.403 -123.654   58.138 -127.815
   58.142 -127.671   57.520 -124.121   57.222 -123.673   56.778 -123.654
   56.672 -126.436   57.164 -127.064   57.977 -128.403
B00000 5000                              5150 -11735   1
NAME=5000
  24                 49.494   53.728 -120.202 -114.427   53.728 -119.164
   53.177 -117.942   52.625 -116.059   51.975 -114.657   50.421 -114.427
   49.494 -115.128   49.884 -117.681   49.870 -118.641   50.664 -117.958
   51.558 -118.016   51.785 -118.377   52.836 -120.202
B00000 5000                              5077 -12284   1
NAME=5000
   8                 50.410   51.152 -123.450 -121.718   51.152 -123.294
   50.943 -121.718   50.410 -122.910   50.596 -123.450
B00000 5000                              3928 -11139   1
NAME=5000
 108                 32.158   46.651 -120.994 -103.311   46.651 -114.396
   46.537 -112.151   46.212 -109.903   46.180 -109.846   45.749 -107.690
   44.817 -106.002   43.337 -105.676   43.272 -105.506   41.869 -104.215
   40.414 -103.893   39.418 -103.611   38.970 -103.311   38.297 -103.646
   37.562 -103.781   36.879 -103.687   36.154 -103.374   35.402 -103.728
   34.784 -104.047   33.422 -104.399   32.509 -105.398   33.402 -106.764
   33.763 -107.046   33.391 -107.152   32.158 -108.564   33.268 -109.642
   34.124 -110.368   34.501 -111.341   35.068 -112.170   35.740 -112.811
   37.117 -113.090   37.845 -114.426   37.546 -116.168   36.533 -117.171
   36.206 -117.603   36.413 -117.843   37.811 -118.068   38.120 -120.006
   38.740 -120.715   40.169 -120.981   40.868 -120.994   41.765 -120.554
   43.225 -119.829   42.691 -117.582   42.409 -117.018   41.662 -115.288
   41.316 -114.215   39.954 -113.371   39.569 -112.920   40.021 -112.749
   41.464 -112.905   42.932 -112.986   43.153 -113.613   44.126 -115.549
   45.645 -115.538
B00000 5000                              4101 -11723   1
NAME=5000
   8                 40.615   41.728 -118.458 -116.197   41.728 -117.295
   41.048 -116.197   40.615 -116.977   40.674 -118.458
B00000 5000                              3907 -11844   1
NAME=5000
   8                 37.844   40.052 -118.747 -118.071   40.052 -118.747
   39.235 -118.253   37.844 -118.071   39.150 -118.708
B00000 5000                              3731 -11073   1
NAME=5000
   8                 36.776   37.815 -111.481 -109.966   37.815 -110.815
   37.401 -109.966   36.776 -110.683   37.281 -111.481
B00000 5000                              2363 -10265   1
NAME=5000
 100                 16.352   31.285 -108.828  -96.211   31.285 -108.501
   30.678 -108.019   30.256 -106.904   29.762 -105.377   29.433 -105.118
   29.218 -105.373   28.131 -105.885   27.169 -105.358   26.859 -105.078
   26.127 -103.947   25.572 -103.201   24.994 -102.596   25.518 -101.834
   25.869 -101.157   25.469 -100.969   24.357  -99.907   24.131  -99.718
   23.593  -99.981   22.962 -100.477   21.731 -100.220   21.640 -100.164
   20.775  -98.968   20.386  -98.578   19.722  -97.835   19.059  -97.306
   18.132  -96.825   17.804  -96.614   16.599  -96.211   16.352  -97.089
   16.788  -97.599   17.967  -97.877   18.058  -98.053   18.488  -99.220
   19.018 -100.394   18.938 -101.629   19.488 -102.302   20.337 -102.799
   20.716 -104.029   21.902 -103.671   22.152 -104.024   23.126 -104.841
   23.391 -105.333   24.346 -105.988   25.289 -106.726   25.566 -106.988
   26.809 -107.517   27.654 -108.255   28.038 -108.595   29.327 -108.740
   30.636 -108.828
B00000 5000                              1551  -9080   1
NAME=5000
  12                 15.227   15.908  -91.659  -90.122   15.908  -91.251
   15.442  -90.184   15.372  -90.122   15.227  -90.242   15.375  -91.386
   15.744  -91.659
B00000 5000                               602  -7256   1
NAME=5000
  12                  5.064    6.858  -73.491  -71.722    6.843  -71.881
    6.064  -71.722    5.302  -72.316    5.064  -73.022    6.036  -73.491
    6.858  -72.968
B00000 5000                              1004  -8393   1
NAME=5000
   8                  9.961   10.116  -84.073  -83.834   10.116  -83.895
   10.004  -83.834    9.961  -83.955   10.095  -84.073
B00000 5000                               520  -7560   1
NAME=5000
  20                  3.725    6.606  -76.198  -74.689    6.606  -75.482
    6.105  -75.526    5.481  -75.009    4.523  -74.689    3.819  -75.348
    3.725  -76.005    4.293  -76.198    5.267  -76.000    5.953  -75.851
    6.323  -75.917
B00000 5000                               528  -7399   1
NAME=5000
   8                  4.670    6.021  -74.519  -73.529    6.021  -73.561
    4.935  -73.529    4.670  -74.377    5.527  -74.519
B00000 6000                              7060  -4217   1
NAME=6000
  72                 60.959   80.834  -56.115  -27.179   80.830  -40.266
   79.364  -34.422   77.750  -31.187   76.116  -28.643   74.436  -27.179
   73.468  -28.676   72.527  -29.386   70.746  -29.624   69.100  -30.605
   68.861  -30.967   67.939  -34.442   67.082  -38.291   66.273  -42.015
   65.208  -42.668   63.614  -43.175   63.086  -43.680   61.122  -44.002
   60.959  -44.098   61.005  -44.434   62.257  -46.777   63.824  -48.144
   64.068  -48.164   66.038  -47.289   66.480  -47.118   68.175  -46.648
   69.803  -47.394   70.003  -47.397   71.745  -48.750   73.470  -50.456
   74.534  -51.173   75.500  -50.896   77.169  -53.668   78.730  -56.115
   79.805  -50.614   79.966  -49.414   80.834  -40.372
B00000 6000                              6151 -15000   1
NAME=6000
  16                 61.200   61.827 -152.546 -146.835   61.551 -152.542
   61.569 -152.313   61.827 -148.194   61.818 -146.835   61.259 -147.096
   61.200 -148.249   61.444 -152.299   61.448 -152.546
B00000 6000                              5108 -11573   1
NAME=6000
  12                 50.145   52.173 -116.744 -115.165   52.173 -115.916
   51.902 -115.328   50.340 -115.165   50.145 -115.310   50.249 -115.927
   51.731 -116.744
B00000 6000                              3944 -10984   1
NAME=6000
 100                 32.532   45.884 -117.306 -103.992   45.884 -114.214
   45.842 -113.887   45.540 -111.973   45.804 -109.853   45.465 -107.671
   44.809 -106.477   43.317 -107.534   43.298 -107.546   43.248 -107.530
   42.531 -105.497   41.873 -104.887   40.420 -104.375   38.982 -103.992
   37.567 -104.139   36.166 -103.992   34.790 -105.128   33.425 -105.189
   33.226 -105.404   33.421 -105.699   34.780 -106.174   35.056 -107.103
   34.745 -107.521   33.374 -107.633   32.532 -108.592   33.289 -109.325
   34.580 -110.407   35.954 -110.565   37.337 -108.980   37.466 -108.911
   38.883 -108.948   40.337 -108.588   40.917 -109.314   40.273 -109.732
   38.824 -109.922   38.522 -110.907   38.228 -112.684   38.308 -114.524
   38.230 -115.522   38.294 -116.357   39.401 -117.306   39.947 -116.793
   40.626 -115.042   39.852 -114.229   38.596 -112.747   40.079 -112.176
   41.534 -112.199   43.022 -112.051   43.615 -113.710   44.211 -114.890
   45.794 -114.318
B00000 6000                              3898 -12019   1
NAME=6000
   8                 38.565   39.619 -120.532 -119.669   39.619 -120.532
   38.961 -119.669   38.565 -120.159   38.802 -120.430
B00000 6000                              2284 -10247   1
NAME=6000
  92                 16.501   29.821 -108.328  -96.550   29.821 -106.887
   29.425 -106.056   28.122 -106.400   26.854 -105.743   25.592 -105.808
   25.578 -105.347   25.594 -104.371   25.596 -103.958   25.589 -103.947
   24.339 -102.627   24.910 -101.228   24.188 -100.438   22.992 -100.916
   21.770 -100.753   20.924 -100.228   20.583  -98.990   20.411  -98.817
   19.556  -97.857   19.081  -97.477   17.898  -96.861   17.832  -96.818
   16.648  -96.550   16.501  -97.067   16.759  -97.367   17.866  -97.073
   18.359  -98.014   18.736  -99.193   19.232 -100.376   19.122 -101.618
   19.476 -102.049   20.456 -101.533   20.598 -101.071   20.848 -101.507
   21.561 -102.748   21.877 -102.774   22.764 -104.013   23.123 -104.311
   23.680 -105.334   24.348 -105.792   25.555 -106.735   25.573 -106.752
   26.819 -107.253   27.994 -108.277   28.052 -108.328   28.770 -108.328
   29.357 -108.173
B00000 6000                              1565  -9128   1
NAME=6000
   8                 15.623   15.694  -91.356  -91.141   15.694  -91.306
   15.623  -91.141   15.628  -91.322   15.674  -91.356
B00000 6000                               601  -7253   1
NAME=6000
  12                  5.178    6.777  -73.309  -71.799    6.765  -71.932
    6.115  -71.799    5.361  -72.408    5.178  -72.951    5.924  -73.309
    6.777  -72.839
B00000 6000                               527  -7400   1
NAME=6000
   8                  4.796    5.849  -74.413  -73.640    5.849  -73.667
    5.002  -73.640    4.796  -74.303    5.464  -74.413
B00000 6000                               452  -7554   1
NAME=6000
  12                  3.818    5.404  -76.095  -74.775    5.404  -75.053
    4.573  -74.775    3.887  -75.468    3.818  -75.953    4.237  -76.095
    5.219  -75.913
B00000 7000                              7049  -4151   1
NAME=7000
  64                 61.605   79.227  -52.979  -29.428   76.042  -29.858
   74.303  -29.428   74.292  -29.437   72.416  -30.748   70.664  -30.552
   69.705  -31.094   68.684  -32.589   68.128  -34.620   67.288  -38.521
   66.649  -42.499   65.033  -43.447   64.066  -43.730   62.770  -44.917
   61.605  -44.857   62.382  -46.342   63.376  -47.162   64.114  -47.112
   65.979  -46.349   66.378  -45.921   68.364  -45.807   69.059  -46.085
   70.292  -46.019   71.966  -47.665   73.670  -49.446   73.931  -49.598
   75.859  -48.812   77.413  -52.248   77.963  -52.979   79.221  -46.729
   79.227  -36.406   77.518  -34.551   77.380  -33.097
B00000 7000                              6151 -14757   1
NAME=7000
   8                 61.401   61.616 -147.801 -147.316   61.616 -147.778
   61.613 -147.316   61.421 -147.402   61.401 -147.801
B00000 7000                              4412 -11052   1
NAME=7000
  24                 41.808   45.414 -114.229 -106.952   44.890 -113.987
   44.717 -111.832   45.414 -109.806   45.182 -107.652   44.799 -106.952
   43.920 -107.571   43.284 -107.964   41.808 -109.405   43.083 -111.339
   44.068 -111.724   44.077 -113.809   44.291 -114.229
B00000 7000                              4084 -11104   1
NAME=7000
  12                 39.394   42.057 -111.602 -110.258   42.057 -111.407
   41.693 -110.258   40.221 -110.504   39.394 -111.024   40.132 -111.602
   41.598 -111.491
B00000 7000                              3794 -10680   1
NAME=7000
  28                 34.795   41.761 -109.604 -104.423   41.035 -107.402
   41.761 -105.488   40.422 -104.858   38.987 -104.511   37.571 -104.496
   36.170 -104.423   35.117 -105.421   35.974 -107.145   34.795 -108.767
   36.023 -109.604   36.614 -108.917   37.490 -108.451   38.916 -108.272
   40.380 -107.513
B00000 7000                              3354 -10862   1
NAME=7000
   8                 32.907   34.615 -109.007 -108.114   34.615 -108.752
   33.354 -108.114   32.907 -108.620   33.308 -109.007
B00000 7000                              2695 -10672   1
NAME=7000
   8                 26.250   27.880 -106.989 -106.318   27.880 -106.816
   26.845 -106.318   26.250 -106.758   26.828 -106.989
B00000 7000                              2442 -10509   1
NAME=7000
   8                 23.969   25.048 -105.597 -104.104   25.048 -105.343
   24.347 -104.104   23.969 -105.336   24.350 -105.597
B00000 7000                              2238 -10145   1
NAME=7000
  12                 21.595   23.038 -101.745 -101.288   23.038 -101.360
   23.020 -101.357   21.805 -101.288   21.595 -101.458   21.831 -101.745
   23.029 -101.514
B00000 7000                              1951 -10142   1
NAME=7000
   8                 19.306   19.896 -101.798 -100.739   19.896 -101.569
   19.399 -100.739   19.306 -101.606   19.464 -101.798
B00000 7000                              1928  -9862   1
NAME=7000
  12                 18.661   20.250 -100.074  -97.647   20.250  -99.027
   19.390  -97.879   19.102  -97.647   18.661  -97.975   18.984  -99.166
   19.348 -100.074
B00000 7000                              1679  -9701   1
NAME=7000
   8                 16.651   17.123  -97.135  -96.890   17.123  -96.976
   16.696  -96.890   16.651  -97.045   16.729  -97.135
B00000 7000                               601  -7251   1
NAME=7000
  12                  5.292    6.697  -73.127  -71.876    6.686  -71.984
    6.165  -71.876    5.420  -72.501    5.292  -72.879    5.812  -73.127
    6.697  -72.710
B00000 7000                               526  -7401   1
NAME=7000
   8                  4.921    5.677  -74.306  -73.751    5.677  -73.771
    5.070  -73.751    4.921  -74.228    5.401  -74.306
B00000 7000                               452  -7554   1
NAME=7000
  12                  3.910    5.328  -75.993  -74.860    5.328  -75.097
    4.623  -74.860    3.955  -75.589    3.910  -75.902    4.180  -75.993
    5.171  -75.827
B00000 8000                              7045  -3976   1
NAME=8000
  48                 64.515   76.928  -47.445  -31.001   75.961  -31.061
   75.794  -31.001   74.087  -32.098   72.296  -32.092   70.576  -31.471
   70.310  -31.613   68.491  -34.182   68.316  -34.802   67.495  -38.756
   67.023  -42.999   64.854  -44.214   64.515  -44.304   64.537  -45.509
   65.186  -45.207   67.019  -43.057   67.120  -43.133   68.646  -44.482
   70.570  -44.600   72.181  -46.553   72.924  -47.268   74.037  -47.445
   75.889  -46.617   76.928  -40.660   76.090  -31.354
B00000 8000                              4405 -10899   1
NAME=8000
  16                 42.174   45.025 -110.872 -107.427   45.025 -109.760
   44.899 -107.634   44.786 -107.427   44.525 -107.610   43.267 -108.381
   42.174 -109.443   43.120 -110.872   44.612 -110.825
B00000 8000                              3820 -10612   1
NAME=8000
  24                 35.567   40.709 -107.990 -104.853   40.709 -105.476
   40.422 -105.340   38.989 -105.030   37.572 -104.853   36.173 -104.854
   35.567 -105.425   36.157 -106.499   36.598 -107.174   37.510 -107.990
   38.943 -107.596   39.443 -107.316   40.417 -105.931
B00000 8000                              3335 -10864   1
NAME=8000
   8                 33.283   33.463 -108.690 -108.595   33.463 -108.662
   33.331 -108.595   33.283 -108.649   33.326 -108.690
B00000 8000                              2437 -10527   1
NAME=8000
   8                 24.259   24.520 -105.401 -105.040   24.520 -105.340
   24.353 -105.040   24.259 -105.338   24.352 -105.401
B00000 8000                              1919  -9852   1
NAME=8000
  12                 18.964   19.373  -99.239  -97.818   19.373  -99.124
   19.225  -97.901   19.122  -97.818   18.964  -97.935   19.234  -99.139
   19.274  -99.239
B00000 8000                               600  -7248   1
NAME=8000
  12                  5.406    6.616  -72.946  -71.953    6.608  -72.035
    6.215  -71.953    5.478  -72.593    5.406  -72.807    5.700  -72.946
    6.616  -72.582
B00000 8000                               525  -7402   1
NAME=8000
   8                  5.046    5.506  -74.200  -73.863    5.506  -73.876
    5.137  -73.863    5.046  -74.153    5.339  -74.200
B00000 8000                               453  -7554   1
NAME=8000
  12                  4.003    5.251  -75.890  -74.946    5.251  -75.142
    4.672  -74.946    4.023  -75.710    4.003  -75.850    4.123  -75.890
    5.122  -75.740
B00000 9000                              7140  -3907   1
NAME=9000
  32                 67.593   75.003  -44.858  -33.397   73.849  -34.686
   72.167  -33.416   72.131  -33.397   70.351  -33.602   68.944  -35.434
   68.016  -37.544   67.700  -38.995   67.593  -40.083   69.179  -41.707
   70.340  -42.553   70.886  -42.858   72.565  -44.398   74.462  -44.858
   75.003  -44.534   75.002  -40.986   74.370  -36.192
B00000 9000                              4338 -10959   1
NAME=9000
   8                 42.541   44.590 -110.404 -108.798   44.590 -109.709
   43.248 -108.798   42.541 -109.482   43.154 -110.404
B00000 9000                              3720 -10613   1
NAME=9000
  16                 36.018   38.686 -107.529 -105.210   38.314 -107.258
   38.686 -105.455   37.572 -105.210   36.172 -105.285   36.018 -105.429
   36.169 -105.701   37.160 -107.201   37.528 -107.529
B00000 9000                               599  -7245   1
NAME=9000
  12                  5.521    6.535  -72.766  -72.031    6.529  -72.086
    6.265  -72.031    5.537  -72.686    5.521  -72.734    5.587  -72.766
    6.535  -72.454
B00000 9000                               524  -7403   1
NAME=9000
   8                  5.172    5.335  -74.094  -73.974    5.335  -73.979
    5.204  -73.974    5.172  -74.078    5.275  -74.094
B00000 9000                               477  -7541   1
NAME=9000
   8                  4.120    5.175  -75.785  -75.032    5.175  -75.186
    4.722  -75.032    4.120  -75.785    5.074  -75.654
B00000 10000                             7154  -3870   1
NAME=10000
  16                 69.925   73.154  -40.987  -36.409   73.124  -40.768
   71.557  -38.524   70.004  -36.409   69.925  -36.504   69.938  -36.898
   71.550  -38.574   73.096  -40.973   73.154  -40.987
B00000 10000                             4328 -10957   1
NAME=10000
   8                 42.908   43.826 -109.935 -109.215   43.826 -109.622
   43.227 -109.215   42.908 -109.521   43.185 -109.935
B00000 10000                              627  -7226   1
NAME=10000
   8                  5.879    6.454  -72.506  -72.108    6.451  -72.137
    6.315  -72.108    5.879  -72.506    6.454  -72.326
B00000 10000                              480  -7539   1
NAME=10000
   8                  4.335    5.098  -75.664  -75.118    5.098  -75.229
    4.771  -75.118    4.335  -75.664    5.026  -75.568
B00000 11000                              636  -7219   1
NAME=11000
   8                  6.339    6.373  -72.209  -72.186    6.373  -72.188
    6.365  -72.186    6.339  -72.209    6.373  -72.199
B00000 11000                              484  -7537   1
NAME=11000
   8                  4.551    5.022  -75.542  -75.204    5.022  -75.273
    4.820  -75.204    4.551  -75.542    4.977  -75.482
B00000 12000                              487  -7535   1
NAME=12000
   8                  4.767    4.946  -75.419  -75.291    4.946  -75.317
    4.869  -75.291    4.767  -75.419    4.929  -75.396
