B00000 ENH                               3708  -9504   1
<AREA>ENH
 534                 23.971   49.359 -128.054  -66.980   48.996 -108.993
   48.993 -107.310   49.009 -105.605   48.991 -103.573   48.988 -101.079
   49.004  -99.687   48.996  -98.242   48.991  -96.798   48.998  -95.874
   48.998  -95.106   49.338  -95.193   49.359  -94.879   48.797  -94.623
   48.642  -93.950   48.521  -93.641   48.624  -93.202   48.545  -92.611
   48.360  -92.049   48.094  -91.504   48.281  -90.835   48.094  -90.646
   48.116  -90.054   48.018  -89.687   48.302  -88.373   47.869  -87.250
   47.310  -85.896   46.885  -84.848   46.516  -84.707   46.508  -84.142
   45.974  -83.980   45.520  -82.907   45.336  -82.528   44.145  -82.199
   43.755  -82.152   43.211  -82.166   43.077  -82.267   42.997  -82.454
   42.619  -82.483   42.431  -82.704   42.360  -82.729   42.270  -83.068
   42.064  -83.189   41.930  -83.080   41.858  -83.103   41.693  -82.700
   41.713  -82.320   42.066  -81.620   42.216  -81.185   42.399  -80.167
   42.673  -79.353   42.881  -78.966   43.433  -79.194   43.655  -78.597
   43.615  -77.369   43.628  -76.813   44.151  -76.377   44.443  -75.828
   44.756  -75.494   45.025  -74.876   45.021  -71.551   45.294  -71.366
   45.379  -70.884   45.841  -70.380   46.114  -70.319   46.658  -70.030
   47.478  -69.251   47.467  -68.967   47.240  -68.967   47.296  -68.497
   47.417  -68.287   47.096  -67.785   46.598  -67.744   45.726  -67.724
   45.548  -67.403   45.222  -67.372   45.297  -67.182   45.044  -67.043
   44.805  -66.980   44.227  -67.025   42.939  -67.013   42.048  -67.016
   40.429  -67.025   39.521  -67.015   38.979  -67.014   38.736  -68.134
   38.424  -69.383   38.293  -69.979   37.506  -70.961   37.525  -71.256
   37.509  -71.928   37.533  -72.506   36.979  -72.488   36.271  -72.510
   35.766  -72.501   35.397  -72.497   35.050  -72.482   34.685  -73.048
   34.433  -73.387   34.193  -73.763   33.668  -74.676   33.070  -75.643
   32.688  -76.292   32.500  -76.511   32.978  -77.010   32.616  -77.004
   31.710  -76.986   30.658  -77.026   29.433  -77.004   28.561  -76.992
   27.862  -77.005   27.023  -76.991   26.984  -77.714   27.014  -78.381
   26.985  -79.030   26.288  -79.011   25.703  -79.005   25.020  -79.000
   24.450  -79.021   24.241  -79.031   24.010  -78.635   23.971  -80.332
   24.005  -81.111   24.019  -81.905   24.025  -82.433   24.015  -83.049
   24.294  -83.118   25.151  -83.409   25.871  -83.638   26.700  -83.949
   27.528  -84.253   27.519  -84.664   27.503  -85.114   27.518  -85.771
   27.496  -86.488   27.495  -87.260   27.513  -87.914   28.053  -87.916
   28.088  -88.345   28.235  -88.992   28.274  -89.650   28.257  -90.231
   28.251  -90.614   28.275  -91.197   28.285  -91.770   28.281  -92.264
   28.281  -92.784   28.239  -93.359   28.270  -93.972   28.126  -94.200
   27.798  -94.697   27.470  -95.109   27.088  -95.287   26.479  -95.488
   25.732  -95.708   25.024  -95.973   24.987  -97.537   25.279  -97.385
   25.637  -97.195   25.963  -97.148   25.819  -97.396   26.005  -97.694
   26.040  -98.202   26.191  -98.514   26.377  -99.017   26.540  -99.173
   26.815  -99.298   27.078  -99.461   27.349  -99.505   27.605  -99.555
   27.695  -99.742   28.071 -100.058   28.287 -100.293   28.640 -100.428
   28.891 -100.633   29.121 -100.706   29.366 -100.971   29.608 -101.333
   29.752 -101.500   29.790 -101.784   29.778 -102.190   29.789 -102.459
   29.671 -102.675   29.337 -102.813   29.159 -102.844   28.972 -103.086
   29.005 -103.393   29.392 -104.166   29.649 -104.548   29.898 -104.702
   30.256 -104.720   30.539 -104.959   30.916 -105.455   31.291 -105.957
   31.547 -106.325   31.769 -106.448   31.773 -107.166   31.773 -107.780
   31.777 -108.182   31.305 -108.213   31.308 -109.080   31.327 -109.891
   31.321 -110.732   31.320 -111.102   31.670 -112.188   32.098 -113.602
   32.336 -114.404   32.476 -114.811   32.682 -114.786   32.617 -115.696
   32.551 -116.622   32.533 -117.187   32.388 -117.095   31.993 -117.988
   31.790 -118.479   31.597 -119.047   31.243 -119.686   30.968 -120.206
   30.633 -120.641   31.150 -121.110   31.825 -121.520   32.083 -121.678
   33.023 -122.027   33.622 -122.625   34.015 -123.032   34.378 -123.233
   34.982 -123.645   35.632 -124.115   36.261 -124.516   36.800 -124.809
   37.254 -125.170   37.725 -125.490   38.208 -125.825   38.670 -126.116
   39.327 -126.554   39.901 -126.999   40.438 -126.954   41.208 -126.910
   41.962 -126.810   42.673 -126.749   43.548 -126.690   43.962 -126.650
   45.003 -126.525   45.482 -126.742   46.105 -127.019   46.904 -127.322
   47.532 -127.618   48.355 -128.054   48.365 -126.840   48.409 -126.169
   48.435 -125.644   48.447 -125.065   48.520 -125.081   48.426 -124.068
   48.433 -123.277   48.674 -123.275   48.995 -123.356   48.992 -122.849
   48.986 -121.659   48.999 -120.472   48.999 -119.253   49.015 -117.737
   48.994 -116.090   48.985 -114.493   49.003 -113.116   48.990 -111.300
   48.991 -109.984   48.998 -109.373
