B00000 SFO                               4067 -12014   1
<AREA>SFO<STATES>WA;OR;CA;CSTL_WTRS
  22                 24.500   57.000 -136.000 -114.470   54.000 -136.000
   57.000 -116.950   49.270 -116.950   42.000 -117.080   42.020 -119.870
   38.900 -119.980   34.770 -114.470   32.770 -114.600   24.500 -114.600
   31.500 -131.000   54.000 -136.000
B00000 SLC                               3688  -9672   1
<AREA>SLC<STATES>ID;MT;WY;NV;UT;CO;AZ;NM
  46                 20.000   57.000 -119.980  -75.000   57.000 -116.950
   54.500  -75.000   44.750  -81.100   42.900  -82.230   40.980  -85.190
   39.020  -84.700   38.750  -82.030   36.440  -82.130   34.960  -85.150
   31.050  -84.980   30.930  -87.460   28.320  -87.830   27.150  -87.840
   20.500  -87.840   20.000 -100.000   24.500 -114.600   32.770 -114.600
   34.770 -114.470   38.900 -119.980   42.020 -119.870   42.000 -117.080
   49.270 -116.950   57.000 -116.950
B00000 BOS                               4154  -9516   1
<AREA>BOS<STATES>ME;NH;VT;MA;RI;CT;NY;LO;NJ;PA;OH;LE;WV;MD;DC;DE;VA;CSTL_WTRS
  34                 36.250   57.000 -119.980  -55.000   57.000 -116.950
   54.500  -75.000   49.000  -55.000   37.180  -60.000   37.180  -72.430
   36.490  -75.880   36.440  -82.130   36.250  -94.120   37.150  -95.190
   37.090 -101.990   37.080 -103.020   37.080 -114.390   38.900 -119.980
   42.020 -119.870   42.000 -117.080   49.270 -116.950   57.000 -116.950
B00000 CHI                               4153  -9499   1
<AREA>CHI<STATES>ND;SD;NE;KS;MN;IA;MO;WI;LM;LS;MI;LH;IL;IN;KY
  34                 36.250   57.000 -119.980  -55.000   57.000 -116.950
   54.500  -75.000   49.000  -55.000   37.180  -60.000   37.180  -72.430
   36.490  -75.880   36.440  -82.130   36.250  -94.120   37.150  -95.190
   37.090 -101.990   37.080 -103.020   37.080 -114.390   38.900 -119.980
   42.020 -119.870   42.000 -117.080   49.270 -116.950   57.000 -116.950
B00000 MIA                               3176  -9414   1
<AREA>MIA<STATES>NC;SC;GA;FL;CSTL_WTRS
  36                 18.000   38.900 -119.980  -60.000   38.900 -119.980
   37.080 -114.390   37.080 -103.020   37.090 -101.990   37.150  -95.190
   36.250  -94.120   36.440  -82.130   36.490  -75.880   37.180  -72.430
   37.180  -60.000   22.500  -72.000   18.000  -80.000   20.500  -87.840
   20.000 -100.000   24.500 -114.600   32.770 -114.600   34.770 -114.470
   38.900 -119.980
B00000 DFW                               3199  -9427   1
<AREA>DFW<STATES>OK;TX;AR;TN;LA;MS;AL;CSTL_WTRS
  36                 18.000   38.900 -119.980  -60.000   38.900 -119.980
   37.080 -114.390   37.080 -103.020   37.090 -101.990   37.150  -95.190
   36.250  -94.120   36.440  -82.130   36.490  -75.880   37.180  -72.430
   37.180  -60.000   22.500  -72.000   18.000  -80.000   20.500  -87.840
   20.000 -100.000   24.500 -114.600   32.770 -114.600   34.770 -114.470
   38.900 -119.980
