B00000 DFW                               3205  -9436   1
<AREA>DFW<STATES>OK;TX;AR;TN;LA;MS;AL;CSTL_WTRS
  34                 25.900   37.150 -106.280  -82.130   36.440  -82.130
   34.960  -85.150   31.050  -84.980   30.930  -87.460   28.320  -87.830
   28.290  -93.980   25.900  -95.900   25.910  -99.050   29.360 -100.770
   28.800 -103.950   31.820 -106.280   31.870 -103.240   37.080 -103.020
   37.090 -101.990   37.150  -95.190   36.250  -94.120   36.440  -82.130
B00000 SFO                               4000 -12050   1
<AREA>SFO<STATES>WA;OR;CA;CSTL_WTRS
  22                 30.140   49.470 -128.130 -114.470   34.770 -114.470
   38.900 -119.980   42.020 -119.870   42.000 -117.080   49.270 -116.950
   49.470 -120.520   48.250 -128.130   39.740 -127.020   30.140 -120.230
   32.770 -114.600   34.770 -114.470
B00000 SLC                               3900 -10824   1
<AREA>SLC<STATES>ID;MT;WY;NV;UT;CO;AZ;NM
  30                 31.270   49.270 -119.980 -101.990   34.770 -114.470
   38.900 -119.980   42.020 -119.870   42.000 -117.080   49.270 -116.950
   48.950 -104.120   40.950 -103.960   41.100 -102.100   37.090 -101.990
   37.080 -103.020   31.870 -103.240   31.820 -106.280   31.270 -110.910
   32.770 -114.600   34.770 -114.470
B00000 CHI                               4161  -9250   1
<AREA>CHI<STATES>ND;SD;NE;KS;MN;IA;MO;WI;LM;LS;MI;LH;IL;IN;KY
  28                 36.250   49.060 -104.120  -81.100   36.250  -94.120
   37.150  -95.190   37.090 -101.990   41.100 -102.100   40.950 -103.960
   48.950 -104.120   49.060  -93.400   44.750  -81.100   42.900  -82.230
   40.980  -85.190   39.020  -84.700   38.750  -82.030   36.440  -82.130
   36.250  -94.120
B00000 BOS                               4124  -7710   1
<AREA>BOS<STATES>ME;NH;VT;MA;RI;CT;NY;LO;NJ;PA;OH;LE;WV;MD;DC;DE;VA;CSTL_WTRS
  26                 36.440   47.590  -85.190  -67.000   36.490  -75.880
   36.440  -82.130   38.750  -82.030   39.020  -84.700   40.980  -85.190
   42.900  -82.230   45.320  -75.670   45.430  -71.680   47.590  -69.300
   47.470  -67.040   38.880  -67.000   37.180  -72.430   36.490  -75.880
B00000 MIA                               3058  -8137   1
<AREA>MIA<STATES>NC;SC;GA;FL;CSTL_WTRS
  32                 24.020   37.180  -87.840  -72.430   34.990  -72.610
   32.380  -76.810   26.630  -76.730   27.120  -78.870   24.020  -78.370
   24.060  -83.150   27.320  -84.230   27.150  -87.840   28.320  -87.830
   30.930  -87.460   31.050  -84.980   34.960  -85.150   36.440  -82.130
   36.490  -75.880   37.180  -72.430   34.990  -72.610
