B00000 New_York                          3300  -5500   1
<FIR>KZNY
  44                 17.801   45.006  -77.002  -40.003   45.003  -40.003
   21.767  -40.025   17.803  -45.238   17.801  -61.503   19.997  -59.995
   23.497  -59.995   23.497  -68.509   25.010  -69.005   25.010  -73.002
   27.896  -74.255   27.896  -76.005   26.998  -77.002   33.006  -77.002
   32.518  -76.514   35.015  -72.496   37.513  -72.496   37.513  -70.975
   38.273  -69.998   38.979  -67.011   42.020  -67.011   45.006  -53.002
   45.003  -40.003
B00000 Miami                             2300  -7300   2
<FIR>KZMA
  30                 19.246   27.896  -79.001  -67.752   27.896  -76.005
   27.896  -74.255   25.010  -73.002   25.010  -69.005   23.497  -68.509
   20.091  -67.752   19.246  -68.748   20.735  -70.921   20.735  -72.984
   19.975  -73.527   21.767  -74.505   24.210  -79.011   26.997  -79.004
   26.998  -77.002   27.896  -76.005
  16                 24.000   28.150  -87.683  -83.166   24.000  -86.000
   24.000  -83.166   27.583  -83.750   27.783  -85.000   28.150  -88.000
   27.500  -87.683   27.500  -86.000   24.000  -86.000
B00000 San_Juan                          2000  -6500   1
<FIR>TJZS
  28                 16.011   23.497  -68.748  -59.995   17.801  -61.503
   19.997  -59.995   23.497  -59.995   23.497  -68.509   20.091  -67.752
   19.246  -68.748   18.726  -67.989   16.011  -67.989   14.979  -65.002
   14.979  -62.993   17.477  -62.993   17.911  -61.962   17.803  -61.799
   17.801  -61.503
B00000 Houston                           2600  -9000   1
<FIR>KZHU
  26                 24.000   28.266  -95.150  -86.000   26.000  -95.916
   27.533  -95.150   28.250  -94.000   28.266  -89.000   28.150  -88.000
   28.150  -88.000   27.500  -87.683   27.500  -86.000   24.000  -86.000
   24.000  -86.000   24.500  -88.000   24.500  -93.000   26.000  -95.916
B00000 Oakland                          2500  -16000   2
<FIR>KZAK
  44                -4.971   56.994 -179.998 -119.997   -0.001 -179.998
  -4.971 -179.993   -4.971 -154.995    3.499 -145.001    3.501 -119.997
  30.000 -119.998   31.000 -121.000   32.000 -121.667   33.000 -122.000
  34.000 -123.000   39.979 -127.000   45.008 -126.518   48.330 -128.000
  51.005 -133.506   53.000 -135.000   55.754 -144.397   56.994 -151.029
  55.985 -153.018   53.504 -160.005   50.248 -176.501   50.497 -177.500
  49.998 -179.998
  32                 0.005   49.998  130.014  179.999    0.005  179.999
   3.503  179.992    3.503  160.001    0.015  160.001    0.015  141.015
   3.503  141.015    3.503  132.024    5.980  132.024    5.980  130.014
  21.000  130.014   21.000  154.976   26.996  155.000   26.995  164.995
  42.989  164.999   45.999  162.995   49.998  179.997
B00000 Alaska                            5000  16800   5
<FIR>PAZA
 252                 49.998   89.995 -179.998 -130.016   60.002 -179.996
   62.499 -175.249   64.989 -169.003   65.434 -169.003   66.581 -168.991
   67.999 -168.999   69.675 -168.997   70.939 -169.003   72.453 -169.020
   73.940 -169.013   75.727 -168.982   77.519 -169.030   78.810 -169.006
   80.550 -169.007   82.580 -168.888   84.738 -168.977   87.018 -169.000
   88.688 -168.879   89.995 -155.238   88.451 -139.942   86.833 -139.989
   85.516 -139.993   84.473 -139.961   83.159 -140.003   81.074 -139.975
   79.214 -139.989   78.068 -139.966   76.566 -139.987   75.028 -140.006
   73.369 -140.010   72.497 -140.001   71.022 -140.020   69.657 -139.985
   68.272 -139.987   66.881 -140.005   64.948 -139.999   63.623 -140.030
   62.139 -139.995   61.499 -139.996   60.183 -139.984   60.332 -139.682
   60.352 -139.066   60.313 -139.066   60.080 -139.184   60.001 -139.054
   59.948 -138.861   59.900 -138.685   59.766 -138.613   59.228 -137.584
   59.000 -137.482   58.933 -137.500   58.899 -137.452   58.983 -137.297
   59.149 -136.835   59.149 -136.835   59.167 -136.584   59.279 -136.468
   59.465 -136.467   59.449 -136.363   59.465 -136.300   59.531 -136.232
   59.567 -136.235   59.599 -136.350   59.628 -136.212   59.669 -135.937
   59.798 -135.468   59.732 -135.336   59.698 -135.234   59.698 -135.234
   59.635 -135.187   59.617 -135.102   59.566 -135.019   59.465 -135.016
   59.448 -135.073   59.430 -135.080   59.382 -134.985   59.349 -135.019
   59.281 -134.951   59.251 -134.689   59.199 -134.666   59.132 -134.568
   59.133 -134.468   59.050 -134.384   58.983 -134.401   58.968 -134.319
   58.932 -134.334   58.849 -134.252   58.733 -133.831   58.598 -133.683
   58.417 -133.367   58.383 -133.451   58.280 -133.366   58.134 -133.135
   58.000 -133.052   57.865 -132.884   57.514 -132.564   57.380 -132.383
   57.196 -132.236   57.083 -132.334   57.034 -132.036   56.866 -132.097
   56.799 -131.867   56.749 -131.883   56.677 -131.832   56.600 -131.815
   56.602 -131.550   56.399 -131.045   56.366 -130.763   56.247 -130.633
   56.233 -130.467   56.131 -130.417   56.116 -130.278   56.080 -130.238
   56.115 -130.083   56.030 -130.016   55.004 -132.998   53.997 -136.994
   52.996 -135.000   53.000 -135.000   55.754 -144.397   56.994 -151.029
   55.985 -153.018   53.504 -160.005   50.248 -176.501   50.497 -177.500
   49.998 -179.998
   4                 50.497   50.698 -179.990 -177.500   50.698 -179.998
   50.497 -177.500
  10                 45.997   59.998  159.004  179.995   59.998  179.995
   54.001  169.003   50.005  159.004   45.997  162.997   49.998  179.997
   6                 50.699   54.695  170.003  179.999   54.695  170.003
   51.510  170.006   50.699  179.999
   6                 68.002   72.505 -168.999 -140.004   68.002 -168.999
   72.505 -157.999   72.495 -140.004
