B00000 GMAINE_ENTIRE                     4274  -6880   1
<NAME>GMAINE_ENTIRE
 104                 41.310   44.190  -70.140  -67.260   44.190  -67.260
   44.110  -67.480   44.020  -67.640   43.950  -67.860   43.850  -68.020
   43.820  -68.140   43.820  -68.340   43.740  -68.530   43.680  -68.770
   43.600  -68.940   43.540  -69.030   43.510  -69.180   43.460  -69.240
   43.400  -69.480   43.330  -69.550   43.300  -69.720   43.220  -69.880
   43.090  -70.020   42.940  -70.130   42.890  -70.140   42.830  -70.090
   42.710  -70.030   42.650  -70.020   42.470  -70.050   42.410  -69.810
   42.340  -69.670   42.220  -69.580   42.110  -69.470   41.960  -69.400
   41.810  -69.380   41.670  -69.350   41.550  -69.400   41.460  -69.430
   41.400  -69.430   41.350  -69.400   41.310  -69.370   41.400  -69.220
   41.520  -68.960   41.620  -68.740   41.740  -68.500   41.840  -68.250
   41.950  -68.000   42.060  -67.750   42.160  -67.500   42.270  -67.260
   42.500  -67.460   42.670  -67.590   42.810  -67.730   43.150  -67.600
   43.500  -67.480   43.840  -67.350   44.190  -67.260
B00000 GMAINE_N                          4317  -6885   1
<NAME>GMAINE_N
  78                 42.180   44.190  -70.140  -67.260   44.190  -67.260
   44.110  -67.480   44.020  -67.640   43.950  -67.860   43.850  -68.020
   43.820  -68.140   43.820  -68.340   43.740  -68.530   43.680  -68.770
   43.600  -68.940   43.540  -69.030   43.510  -69.180   43.460  -69.240
   43.400  -69.480   43.330  -69.550   43.300  -69.720   43.220  -69.880
   43.090  -70.020   42.940  -70.130   42.890  -70.140   42.830  -70.090
   42.710  -70.030   42.650  -70.020   42.470  -70.050   42.410  -69.810
   42.340  -69.670   42.220  -69.580   42.180  -69.550   42.270  -69.250
   42.360  -69.000   42.450  -68.750   42.540  -68.500   42.630  -68.250
   42.720  -68.000   42.810  -67.730   43.150  -67.600   43.500  -67.480
   43.840  -67.350   44.190  -67.260
B00000 GMAINE_S                          4203  -6864   1
<NAME>GMAINE_S
  58                 41.310   42.810  -69.550  -67.260   42.810  -67.730
   42.720  -68.000   42.630  -68.250   42.540  -68.500   42.450  -68.750
   42.360  -69.000   42.270  -69.250   42.180  -69.550   42.110  -69.470
   41.960  -69.400   41.810  -69.380   41.670  -69.350   41.550  -69.400
   41.460  -69.430   41.400  -69.430   41.350  -69.400   41.310  -69.370
   41.400  -69.220   41.520  -68.960   41.620  -68.740   41.740  -68.500
   41.840  -68.250   41.950  -68.000   42.060  -67.750   42.160  -67.500
   42.270  -67.260   42.500  -67.460   42.670  -67.590   42.810  -67.730
B00000 G_BANK_ENTIRE                    4117  -6798   1
<NAME>G_BANK_ENTIRE
  56                 39.790   42.270  -69.370  -66.130   42.270  -67.260
   42.160  -67.500   42.060  -67.750   41.950  -68.000   41.840  -68.250
   41.740  -68.500   41.630  -68.750   41.520  -68.960   41.400  -69.220
   41.310  -69.370   41.190  -69.340   40.980  -69.280   40.720  -69.200
   40.490  -69.120   40.240  -69.050   40.000  -68.960   39.790  -68.890
   39.990  -68.490   40.170  -67.450   40.400  -67.000   40.490  -66.580
   40.780  -66.400   41.010  -66.130   41.250  -66.360   41.500  -66.580
   41.750  -66.810   42.000  -67.030   42.270  -67.260
B00000 G_BANK_NE                        4146  -6722   1
<NAME>G_BANK_NE
  42                 41.000   42.270  -68.000  -66.130   42.270  -67.260
   42.160  -67.500   42.060  -67.750   41.950  -68.000   41.750  -68.000
   41.500  -68.000   41.250  -68.000   41.000  -68.000   41.000  -67.750
   41.000  -67.500   41.000  -67.250   41.000  -67.000   41.000  -66.750
   41.000  -66.500   41.000  -66.250   41.010  -66.130   41.250  -66.360
   41.500  -66.580   41.750  -66.810   42.000  -67.030   42.270  -67.260
B00000 G_BANK_SE                        4073  -6720   1
<NAME>G_BANK_SE
  34                 40.070   41.000  -68.000  -66.130   41.000  -66.130
   41.000  -66.250   41.000  -66.500   41.000  -66.750   41.000  -67.000
   41.000  -67.250   41.000  -67.500   41.000  -67.750   41.000  -68.000
   40.750  -68.000   40.500  -68.000   40.250  -68.000   40.070  -68.000
   40.170  -67.450   40.400  -67.000   40.490  -66.580   40.780  -66.400
B00000 G_BANK_SW                        4057  -6855   1
<NAME>G_BANK_SW
  34                 39.790   41.000  -69.280  -68.000   41.000  -68.000
   41.000  -68.250   41.000  -68.500   41.000  -68.750   41.000  -69.000
   40.980  -69.280   40.720  -69.200   40.490  -69.120   40.240  -69.050
   40.000  -68.960   39.790  -68.890   39.990  -68.490   40.070  -68.000
   40.250  -68.000   40.500  -68.000   40.750  -68.000   41.000  -68.000
B00000 G_BANK_NW                        4139  -6856   1
<NAME>G_BANK_NW
  36                 41.000   41.950  -69.370  -68.000   41.950  -68.000
   41.840  -68.250   41.740  -68.500   41.630  -68.750   41.520  -68.960
   41.400  -69.220   41.310  -69.370   41.190  -69.340   41.000  -69.280
   41.000  -69.000   41.000  -68.750   41.000  -68.500   41.000  -68.250
   41.000  -68.000   41.250  -68.000   41.500  -68.000   41.750  -68.000
   41.950  -68.000
B00000 S_OF_NE_ENTIRE                    4044  -7109   1
<NAME>S_OF_NE_ENTIRE
  90                 39.280   41.310  -73.590  -68.900   41.310  -69.370
   41.060  -69.490   40.910  -69.650   40.840  -69.910   40.840  -70.040
   40.840  -70.190   40.840  -70.240   40.900  -70.470   40.850  -70.610
   40.840  -70.740   40.840  -70.860   40.850  -70.970   40.880  -71.110
   40.820  -71.260   40.740  -71.440   40.710  -71.540   40.700  -71.580
   40.790  -71.650   40.730  -71.820   40.660  -72.000   40.530  -72.330
   40.410  -72.750   40.340  -73.040   40.290  -73.150   40.260  -73.460
   40.230  -73.590   40.100  -73.380   39.980  -73.170   39.870  -72.940
   39.740  -72.730   39.630  -72.490   39.490  -72.260   39.380  -72.070
   39.280  -71.900   39.610  -71.460   39.690  -70.980   39.690  -69.330
   39.790  -68.900   39.980  -68.970   40.240  -69.050   40.490  -69.120
   40.720  -69.200   40.980  -69.280   41.190  -69.340   41.310  -69.370
B00000 S_OF_NE_0_E_70W                  4036  -7150   1
<NAME>S_OF_NE_0_E_70W
  76                 39.280   40.900  -73.590  -70.000   40.840  -70.000
   40.840  -70.190   40.840  -70.240   40.900  -70.470   40.850  -70.610
   40.840  -70.740   40.840  -70.860   40.850  -70.970   40.880  -71.110
   40.820  -71.260   40.740  -71.440   40.710  -71.540   40.700  -71.580
   40.790  -71.650   40.730  -71.820   40.660  -72.000   40.530  -72.330
   40.410  -72.750   40.340  -73.040   40.290  -73.150   40.260  -73.460
   40.230  -73.590   40.100  -73.380   39.980  -73.170   39.870  -72.940
   39.740  -72.730   39.630  -72.490   39.490  -72.260   39.380  -72.070
   39.280  -71.900   39.610  -71.460   39.690  -70.000   39.750  -70.000
   40.000  -70.000   40.250  -70.000   40.500  -70.000   40.750  -70.000
   40.840  -70.000
B00000 S_OF_NE_0_W_70W                  4049  -6953   1
<NAME>S_OF_NE_0_W_70W
  38                 39.690   41.310  -70.000  -68.900   41.310  -69.370
   41.060  -69.490   40.910  -69.650   40.840  -70.000   40.750  -70.000
   40.500  -70.000   40.250  -70.000   40.000  -70.000   39.750  -70.000
   39.690  -70.000   39.690  -69.330   39.790  -68.900   39.980  -68.970
   40.240  -69.050   40.490  -69.120   40.720  -69.200   40.980  -69.280
   41.190  -69.340   41.310  -69.370
B00000 HUD_BALT_ENTIRE                   3880  -7077   1
<NAME>HUD_BALT_ENTIRE
 112                 36.450   41.010  -74.610  -65.000   41.010  -66.130
   40.780  -66.400   40.490  -66.580   40.400  -67.000   40.170  -67.450
   39.990  -68.490   39.790  -68.890   39.690  -69.330   39.690  -70.980
   39.610  -71.460   39.280  -71.900   39.380  -72.070   39.490  -72.260
   39.630  -72.490   39.740  -72.730   39.850  -72.920   39.970  -73.130
   40.100  -73.380   40.230  -73.590   40.240  -73.610   39.580  -73.720
   39.120  -74.030   38.970  -74.340   38.730  -74.500   38.640  -74.580
   38.480  -74.610   38.390  -74.460   38.270  -74.220   38.140  -73.970
   38.030  -73.750   37.920  -73.500   37.800  -73.250   37.690  -73.000
   37.580  -72.750   37.460  -72.500   37.350  -72.250   37.240  -72.000
   37.130  -71.750   37.010  -71.500   36.900  -71.250   36.790  -71.000
   36.680  -70.750   36.560  -70.500   36.450  -70.250   36.920  -70.010
   36.980  -69.630   37.030  -69.170   37.110  -68.700   37.810  -66.970
   38.390  -66.060   39.730  -65.000   40.000  -65.230   40.250  -65.450
   40.500  -65.680   40.750  -65.900   41.010  -66.130
B00000 HUD_BALT_0_E_68W                 3935  -6709   1
<NAME>HUD_BALT_0_E_68W
  54                 37.380   41.010  -68.000  -65.000   41.010  -66.130
   40.780  -66.400   40.490  -66.580   40.400  -67.000   40.170  -67.450
   40.080  -68.000   40.000  -68.000   39.750  -68.000   39.500  -68.000
   39.250  -68.000   39.000  -68.000   38.750  -68.000   38.500  -68.000
   38.250  -68.000   38.000  -68.000   37.750  -68.000   37.500  -68.000
   37.380  -68.000   37.620  -67.460   37.810  -66.970   38.390  -66.060
   39.730  -65.000   40.000  -65.230   40.250  -65.450   40.500  -65.680
   40.750  -65.900   41.010  -66.130
B00000 HUD_BALT_0_68_70W                  3860  -6901   1
<NAME>HUD_BALT_0_68_70W
  66                 36.920   40.080  -70.010  -68.000   40.080  -68.000
   39.990  -68.490   39.790  -68.890   39.690  -69.330   39.690  -69.500
   39.690  -69.750   39.690  -70.000   39.500  -70.000   39.250  -70.000
   39.000  -70.000   38.750  -70.000   38.500  -70.000   38.250  -70.000
   38.000  -70.000   37.750  -70.000   37.500  -70.000   37.250  -70.000
   36.920  -70.010   36.980  -69.630   37.030  -69.170   37.110  -68.700
   37.380  -68.000   37.500  -68.000   37.750  -68.000   38.000  -68.000
   38.250  -68.000   38.500  -68.000   38.750  -68.000   39.000  -68.000
   39.250  -68.000   39.500  -68.000   39.750  -68.000   40.080  -68.000
B00000 HUD_BALT_0_100_70W                3797  -7106   1
<NAME>HUD_BALT_0_100_70W
  66                 36.450   39.690  -73.250  -70.000   39.680  -70.000
   39.690  -70.980   39.610  -71.460   39.280  -71.900   38.640  -72.460
   38.360  -72.720   38.080  -72.990   37.800  -73.250   37.690  -73.000
   37.580  -72.750   37.460  -72.500   37.350  -72.250   37.240  -72.000
   37.130  -71.750   37.010  -71.500   36.900  -71.250   36.790  -71.000
   36.680  -70.750   36.560  -70.500   36.450  -70.250   36.920  -70.000
   37.000  -70.000   37.250  -70.000   37.500  -70.000   37.750  -70.000
   38.000  -70.000   38.250  -70.000   38.500  -70.000   38.750  -70.000
   39.000  -70.000   39.250  -70.000   39.500  -70.000   39.680  -70.000
B00000 HUD_BALT_0_W_1000               3901  -7334   1
<NAME>HUD_BALT_0_W_1000
  52                 37.800   40.240  -74.610  -71.900   39.280  -71.900
   39.380  -72.070   39.490  -72.260   39.630  -72.490   39.740  -72.730
   39.850  -72.920   39.970  -73.130   40.100  -73.380   40.230  -73.590
   40.240  -73.610   39.580  -73.720   39.120  -74.030   38.970  -74.340
   38.730  -74.500   38.640  -74.580   38.480  -74.610   38.390  -74.460
   38.270  -74.220   38.140  -73.970   38.030  -73.750   37.920  -73.500
   37.800  -73.250   38.080  -72.990   38.360  -72.720   38.640  -72.460
   39.280  -71.900
B00000 BALT_HAT_ENTIRE                   3590  -7276   1
<NAME>BALT_HAT_ENTIRE
 124                 33.690   38.480  -75.540  -70.250   36.450  -70.250
   36.560  -70.500   36.680  -70.750   36.790  -71.000   36.900  -71.250
   37.010  -71.500   37.130  -71.750   37.240  -72.000   37.350  -72.250
   37.460  -72.500   37.580  -72.750   37.690  -73.000   37.800  -73.250
   37.920  -73.500   38.030  -73.750   38.140  -73.970   38.270  -74.220
   38.390  -74.460   38.480  -74.610   38.180  -74.680   37.870  -74.840
   37.480  -75.190   37.250  -75.310   37.020  -75.440   36.830  -75.540
   36.600  -75.470   36.440  -75.400   36.170  -75.290   35.840  -75.090
   35.550  -75.060   35.270  -75.100   34.990  -75.210   34.920  -75.000
   34.840  -74.750   34.770  -74.500   34.690  -74.250   34.620  -74.000
   34.550  -73.750   34.470  -73.500   34.400  -73.250   34.330  -73.000
   34.250  -72.750   34.180  -72.500   34.100  -72.250   34.030  -72.000
   33.960  -71.750   33.880  -71.500   33.810  -71.250   33.720  -71.030
   33.690  -70.920   33.810  -70.830   34.070  -70.680   34.280  -70.560
   34.520  -70.420   34.790  -70.250   35.000  -70.250   35.250  -70.250
   35.500  -70.250   35.750  -70.250   36.000  -70.250   36.250  -70.250
   36.450  -70.250
B00000 BALT_HAT_NE                       3549  -7190   1
<NAME>BALT_HAT_NE
  72                 35.570   37.780  -73.870  -70.250   36.450  -70.250
   36.560  -70.500   36.680  -70.750   36.790  -71.000   36.900  -71.250
   37.010  -71.500   37.130  -71.750   37.240  -72.000   37.350  -72.250
   37.460  -72.500   37.580  -72.750   37.690  -73.000   37.780  -73.220
   37.510  -73.530   36.900  -73.870   36.460  -73.780   36.160  -73.660
   35.570  -73.600   35.570  -73.500   35.570  -73.250   35.570  -73.000
   35.570  -72.750   35.570  -72.500   35.570  -72.250   35.570  -72.000
   35.570  -71.750   35.570  -71.500   35.570  -71.250   35.570  -71.000
   35.570  -70.750   35.570  -70.500   35.570  -70.250   35.750  -70.250
   36.000  -70.250   36.250  -70.250   36.450  -70.250
B00000 BALT_HAT_SE                       3485  -7179   1
<NAME>BALT_HAT_SE
  74                 33.690   35.570  -73.750  -70.250   35.570  -70.250
   35.570  -70.500   35.570  -70.750   35.570  -71.000   35.570  -71.250
   35.570  -71.500   35.570  -71.750   35.570  -72.000   35.570  -72.250
   35.570  -72.500   35.570  -72.750   35.570  -73.000   35.570  -73.250
   35.570  -73.500   35.570  -73.600   35.540  -73.700   34.550  -73.750
   34.470  -73.500   34.400  -73.250   34.330  -73.000   34.250  -72.750
   34.180  -72.500   34.100  -72.250   34.030  -72.000   33.960  -71.750
   33.880  -71.500   33.810  -71.250   33.720  -71.030   33.690  -70.920
   33.810  -70.830   34.070  -70.680   34.280  -70.560   34.520  -70.420
   34.790  -70.250   35.000  -70.250   35.250  -70.250   35.500  -70.250
B00000 BALT_HAT_0_W_1000               3657  -7444   1
<NAME>BALT_HAT_0_W_1000
  66                 34.550   38.480  -75.540  -73.250   37.800  -73.250
   37.920  -73.500   38.030  -73.750   38.140  -73.970   38.270  -74.220
   38.390  -74.460   38.480  -74.610   38.180  -74.680   37.870  -74.840
   37.480  -75.190   37.250  -75.310   37.020  -75.440   36.830  -75.540
   36.600  -75.470   36.440  -75.400   36.170  -75.290   35.840  -75.090
   35.550  -75.060   35.270  -75.100   34.990  -75.210   34.920  -75.000
   34.840  -74.750   34.770  -74.500   34.690  -74.250   34.620  -74.000
   34.550  -73.700   35.280  -73.470   35.800  -73.560   36.160  -73.660
   36.460  -73.780   36.900  -73.870   37.510  -73.530   37.800  -73.250
B00000 HAT_CFEAR_ENTIRE                  3353  -7415   1
<NAME>HAT_CFEAR_ENTIRE
 120                 32.000   34.990  -77.730  -70.920   33.690  -70.920
   33.810  -71.250   33.880  -71.500   33.960  -71.750   34.030  -72.000
   34.100  -72.250   34.180  -72.500   34.250  -72.750   34.330  -73.000
   34.400  -73.250   34.470  -73.500   34.550  -73.750   34.620  -74.000
   34.690  -74.250   34.770  -74.500   34.840  -74.750   34.920  -75.000
   34.990  -75.210   34.880  -75.330   34.800  -75.710   34.670  -75.920
   34.450  -76.170   34.260  -76.290   34.190  -76.500   34.280  -76.900
   34.160  -77.200   34.020  -77.440   33.680  -77.620   33.560  -77.730
   33.490  -77.500   33.420  -77.250   33.340  -77.000   33.270  -76.750
   33.200  -76.500   33.130  -76.250   33.060  -76.000   32.990  -75.750
   32.910  -75.500   32.840  -75.250   32.770  -75.000   32.700  -74.750
   32.630  -74.500   32.550  -74.250   32.480  -74.000   32.410  -73.750
   32.340  -73.500   32.270  -73.250   32.200  -73.000   32.120  -72.750
   32.040  -72.490   32.000  -72.350   32.150  -72.200   32.360  -71.960
   32.540  -71.750   32.750  -71.510   32.910  -71.320   33.080  -71.240
   33.270  -71.130   33.480  -71.030   33.690  -70.920
B00000 HAT_CFEAR_NE                      3353  -7415   1
<NAME>HAT_CFEAR_NE
  66                 32.910   34.520  -74.250  -70.920   33.900  -74.250
   34.140  -73.980   34.340  -73.790   34.510  -73.670   34.520  -73.660
   34.470  -73.500   34.400  -73.250   34.330  -73.000   34.250  -72.750
   34.180  -72.500   34.100  -72.250   34.030  -72.000   33.960  -71.750
   33.880  -71.500   33.810  -71.250   33.690  -70.920   33.690  -70.920
   33.480  -71.030   33.270  -71.130   33.080  -71.240   32.910  -71.320
   32.990  -71.500   33.080  -71.750   33.160  -72.000   33.240  -72.250
   33.320  -72.500   33.410  -72.750   33.490  -73.000   33.570  -73.250
   33.650  -73.500   33.740  -73.750   33.820  -74.000   33.900  -74.250
B00000 HAT_CFEAR_SE                      3353  -7415   1
<NAME>HAT_CFEAR_SE
  80                 32.000   33.900  -75.870  -71.320   33.020  -75.870
   33.120  -75.600   33.250  -75.330   33.410  -75.100   33.590  -74.900
   33.590  -74.900   33.680  -74.650   33.900  -74.250   33.818  -74.000
   33.735  -73.750   33.653  -73.500   33.570  -73.250   33.487  -73.000
   33.405  -72.750   33.322  -72.500   33.240  -72.250   33.158  -72.000
   33.075  -71.750   32.993  -71.500   32.910  -71.320   32.750  -71.510
   32.540  -71.750   32.360  -71.960   32.150  -72.200   32.000  -72.350
   32.040  -72.490   32.120  -72.750   32.200  -73.000   32.270  -73.250
   32.340  -73.500   32.410  -73.750   32.480  -74.000   32.550  -74.250
   32.630  -74.500   32.700  -74.750   32.770  -75.000   32.840  -75.250
   32.910  -75.500   32.990  -75.750   33.020  -75.870
B00000 HAT_CFR_0_W_1000              3412  -7608   1
<NAME>HAT_CFR_0_W_1000
  76                 33.020   34.990  -77.730  -73.660   33.020  -75.870
   33.120  -75.600   33.250  -75.330   33.410  -75.100   33.590  -74.900
   33.590  -74.900   33.680  -74.650   33.900  -74.250   34.140  -73.980
   34.340  -73.790   34.510  -73.670   34.520  -73.660   34.550  -73.750
   34.620  -74.000   34.690  -74.250   34.770  -74.500   34.840  -74.750
   34.920  -75.000   34.990  -75.210   34.880  -75.330   34.800  -75.710
   34.670  -75.920   34.450  -76.170   34.260  -76.290   34.190  -76.500
   34.280  -76.900   34.160  -77.200   34.020  -77.440   33.680  -77.620
   33.560  -77.730   33.490  -77.500   33.420  -77.250   33.340  -77.000
   33.270  -76.750   33.200  -76.500   33.130  -76.250   33.060  -76.000
   33.020  -75.870
B00000 CFEAR_31N_ENTIRE                  3196  -7661   1
<NAME>CFEAR_31N_ENTIRE
 148                 31.000   33.560  -80.500  -72.350   32.000  -72.350
   32.040  -72.490   32.120  -72.750   32.200  -73.000   32.270  -73.250
   32.340  -73.500   32.410  -73.750   32.480  -74.000   32.550  -74.250
   32.630  -74.500   32.700  -74.750   32.770  -75.000   32.840  -75.250
   32.910  -75.500   32.990  -75.750   33.060  -76.000   33.130  -76.250
   33.200  -76.500   33.270  -76.750   33.340  -77.000   33.420  -77.250
   33.490  -77.500   33.560  -77.730   33.470  -77.930   33.470  -78.070
   33.530  -78.230   33.460  -78.470   33.370  -78.690   33.160  -78.800
   32.930  -78.870   32.760  -79.030   32.640  -79.230   32.490  -79.460
   32.220  -79.900   32.130  -80.120   32.020  -80.180   31.860  -80.500
   31.600  -79.930   31.430  -80.120   31.320  -80.210   31.000  -80.370
   31.000  -80.250   31.000  -80.000   31.000  -79.750   31.000  -79.500
   31.000  -79.250   31.000  -79.000   31.000  -78.750   31.000  -78.500
   31.000  -78.250   31.000  -78.000   31.000  -77.750   31.000  -77.500
   31.000  -77.250   31.000  -77.000   31.000  -76.750   31.000  -76.500
   31.000  -76.250   31.000  -76.000   31.000  -75.750   31.000  -75.500
   31.000  -75.250   31.000  -75.000   31.000  -74.750   31.000  -74.500
   31.000  -74.250   31.000  -74.000   31.000  -73.750   31.170  -73.520
   31.350  -73.270   31.520  -73.020   31.680  -72.800   31.840  -72.560
   32.000  -72.350
B00000 CFEAR_31N_E                       3187  -7513   1
<NAME>CFEAR_31N_E
 100                 31.000   33.080  -77.240  -72.350   32.000  -72.350
   32.040  -72.490   32.120  -72.750   32.200  -73.000   32.270  -73.250
   32.340  -73.500   32.410  -73.750   32.480  -74.000   32.550  -74.250
   32.630  -74.500   32.700  -74.750   32.770  -75.000   32.840  -75.250
   32.910  -75.500   32.990  -75.750   33.070  -76.010   33.080  -76.120
   32.980  -76.170   32.860  -76.210   32.750  -76.260   32.690  -76.360
   32.520  -76.430   32.370  -76.560   32.230  -76.700   32.020  -76.820
   31.820  -76.960   31.720  -76.980   31.550  -77.080   31.280  -77.150
   31.150  -77.200   31.000  -77.240   31.000  -77.000   31.000  -76.750
   31.000  -76.500   31.000  -76.250   31.000  -76.000   31.000  -75.750
   31.000  -75.500   31.000  -75.250   31.000  -75.000   31.000  -74.750
   31.000  -74.500   31.000  -74.250   31.000  -74.000   31.000  -73.750
   31.170  -73.520   31.350  -73.270   31.520  -73.020   31.680  -72.800
   31.840  -72.560
B00000 CFEAR_31N_W                       3217  -7811   1
<NAME>CFEAR_31N_W
 106                 31.000   33.560  -80.500  -76.120   33.080  -76.120
   33.130  -76.250   33.200  -76.500   33.270  -76.750   33.340  -77.000
   33.420  -77.250   33.490  -77.500   33.560  -77.730   33.470  -77.930
   33.470  -78.070   33.530  -78.230   33.460  -78.470   33.370  -78.690
   33.160  -78.800   32.930  -78.870   32.760  -79.030   32.640  -79.230
   32.490  -79.460   32.220  -79.900   32.130  -80.120   32.020  -80.180
   31.860  -80.500   31.600  -79.930   31.430  -80.120   31.320  -80.210
   31.000  -80.370   31.000  -80.250   31.000  -80.000   31.000  -79.750
   31.000  -79.500   31.000  -79.250   31.000  -79.000   31.000  -78.750
   31.000  -78.500   31.000  -78.250   31.000  -78.000   31.000  -77.750
   31.000  -77.500   31.000  -77.240   31.150  -77.200   31.280  -77.150
   31.550  -77.080   31.720  -76.980   31.820  -76.960   32.020  -76.820
   32.230  -76.700   32.370  -76.560   32.520  -76.430   32.690  -76.360
   32.750  -76.260   32.860  -76.210   32.980  -76.170   33.080  -76.120
