B00000 Northwest_Caribbean               1891  -8280   1
<NAME>NWC_ENTIRE
 446                 14.997   22.260  -88.448  -74.995   15.420  -83.289
   15.463  -83.361   15.543  -83.563   15.533  -83.672   15.605  -83.717
   15.826  -83.960   16.007  -84.176   16.040  -84.382   16.040  -84.570
   16.139  -84.789   16.192  -84.985   16.152  -85.159   16.103  -85.214
   16.090  -85.430   16.096  -85.512   16.146  -85.591   16.202  -85.769
   16.228  -86.023   16.175  -86.142   16.093  -86.197   16.057  -86.273
   15.984  -86.393   16.001  -86.485   15.991  -86.667   15.984  -86.793
   15.961  -86.889   15.971  -86.999   16.001  -87.177   16.037  -87.314
   16.017  -87.420   16.007  -87.458   16.077  -87.571   16.116  -87.681
   16.110  -87.794   16.093  -87.876   16.021  -88.044   15.932  -88.174
   15.988  -88.270   16.057  -88.386   16.113  -88.448   16.165  -88.373
   16.264  -88.290   16.356  -88.222   16.580  -88.116   16.737  -88.081
   16.822  -88.075   16.957  -88.006   17.111  -88.040   17.071  -87.917
   17.127  -87.794   17.258  -87.715   17.451  -87.571   17.624  -87.605
   17.732  -87.735   17.748  -87.849   17.849  -87.756   18.012  -87.684
   18.178  -87.643   18.240  -87.643   18.347  -87.574   18.542  -87.544
   18.594  -87.540   18.698  -87.465   18.854  -87.420   18.990  -87.403
   19.116  -87.338   19.252  -87.294   19.352  -87.297   19.482  -87.225
   19.640  -87.215   19.753  -87.287   19.869  -87.249   20.007  -87.252
   20.033  -87.273   20.146  -87.239   20.204  -87.194   20.097  -87.119
   20.059  -87.043   20.065  -86.930   20.123  -86.828   20.239  -86.718
   20.377  -86.629   20.518  -86.550   20.643  -86.543   20.743  -86.608
   20.781  -86.694   20.954  -86.626   21.101  -86.581   21.178  -86.427
   21.277  -86.177   21.420  -85.844   21.545  -85.564   21.659  -85.286
   21.736  -85.111   21.729  -85.104   21.666  -85.036   21.624  -84.913
   21.618  -84.782   21.653  -84.683   21.605  -84.628   21.570  -84.546
   21.570  -84.423   21.615  -84.323   21.685  -84.224   21.736  -84.121
   21.714  -84.046   21.758  -83.899   21.863  -83.809   21.968  -83.785
   21.981  -83.638   21.993  -83.583   21.984  -83.440   22.012  -83.313
   22.085  -83.196   22.127  -83.169   22.035  -83.172   21.885  -83.268
   21.777  -83.313   21.678  -83.388   21.519  -83.378   21.325  -83.224
   21.254  -83.063   21.238  -82.881   21.286  -82.645   21.417  -82.408
   21.564  -82.336   21.850  -82.429   22.025  -82.573   22.117  -82.775
   22.260  -82.309   22.136  -82.124   22.031  -81.953   21.981  -81.847
   21.968  -81.733   22.000  -81.624   21.996  -81.535   21.933  -81.470
   21.888  -81.370   21.892  -81.202   21.876  -81.079   21.841  -80.863
   21.853  -80.661   21.857  -80.534   21.790  -80.452   21.691  -80.332
   21.631  -80.192   21.551  -80.089   21.526  -79.969   21.529  -79.866
   21.455  -79.630   21.369  -79.407   21.337  -79.188   21.376  -79.010
   21.404  -78.825   21.344  -78.756   21.143  -78.702   21.012  -78.695
   20.900  -78.647   20.775  -78.445   20.621  -78.280   20.525  -78.130
   20.493  -77.958   20.499  -77.790   20.480  -77.585   20.493  -77.400
   20.496  -77.342   20.454  -77.321   20.348  -77.544   20.216  -77.708
   20.059  -77.855   19.898  -77.941   19.733  -77.910   19.624  -77.722
   19.640  -77.461   19.672  -77.259   19.708  -77.211   19.675  -76.972
   19.724  -76.780   19.740  -76.595   19.759  -76.406   19.801  -76.204
   19.762  -75.968   19.762  -75.769   19.701  -75.639   19.672  -75.437
   19.688  -75.228   19.708  -75.128   19.692  -75.029   19.708  -74.995
   19.708  -74.998   19.349  -74.998   19.010  -74.998   18.500  -74.998
   18.002  -75.002   17.503  -75.002   17.003  -75.002   16.504  -74.998
   16.004  -75.002   15.496  -75.002   15.004  -74.998   15.004  -74.998
   15.004  -75.591   15.001  -75.999   14.997  -76.499   15.004  -76.999
   15.001  -77.496   14.997  -77.996   14.997  -78.503   15.001  -78.996
   15.004  -79.496   15.004  -79.993   15.004  -80.500   15.001  -80.997
   14.997  -81.497   15.001  -81.997   15.004  -82.497   15.001  -82.933
   15.070  -82.946   15.143  -83.004   15.186  -83.073   15.209  -83.138
   15.302  -83.172   15.381  -83.231
B00000 North_Sub_Area                    2106  -8260   1
<NAME>NWC_N
 242                 19.997   22.260  -87.273  -77.321   20.001  -87.252
   20.007  -87.252   20.033  -87.273   20.146  -87.239   20.204  -87.194
   20.097  -87.119   20.059  -87.043   20.065  -86.930   20.123  -86.828
   20.239  -86.718   20.377  -86.629   20.518  -86.550   20.643  -86.543
   20.743  -86.608   20.781  -86.694   20.954  -86.626   21.101  -86.581
   21.178  -86.427   21.277  -86.177   21.420  -85.844   21.545  -85.563
   21.659  -85.286   21.736  -85.111   21.729  -85.104   21.666  -85.036
   21.624  -84.913   21.618  -84.782   21.653  -84.683   21.605  -84.628
   21.570  -84.546   21.570  -84.423   21.615  -84.323   21.685  -84.224
   21.736  -84.121   21.714  -84.046   21.758  -83.899   21.863  -83.809
   21.968  -83.785   21.981  -83.638   21.993  -83.583   21.984  -83.440
   22.012  -83.313   22.085  -83.196   22.127  -83.169   22.035  -83.172
   21.885  -83.268   21.777  -83.313   21.678  -83.388   21.519  -83.378
   21.325  -83.224   21.254  -83.063   21.238  -82.881   21.286  -82.645
   21.417  -82.408   21.564  -82.336   21.850  -82.429   22.025  -82.573
   22.117  -82.775   22.260  -82.309   22.136  -82.124   22.031  -81.953
   21.981  -81.847   21.968  -81.733   22.000  -81.624   21.996  -81.535
   21.933  -81.470   21.888  -81.370   21.892  -81.202   21.876  -81.079
   21.841  -80.863   21.853  -80.661   21.857  -80.534   21.790  -80.452
   21.691  -80.332   21.631  -80.192   21.551  -80.089   21.526  -79.969
   21.529  -79.866   21.455  -79.630   21.369  -79.407   21.337  -79.188
   21.376  -79.010   21.404  -78.825   21.344  -78.756   21.143  -78.702
   21.012  -78.695   20.900  -78.647   20.775  -78.445   20.621  -78.280
   20.525  -78.130   20.493  -77.958   20.499  -77.790   20.480  -77.585
   20.493  -77.400   20.496  -77.342   20.454  -77.321   20.348  -77.544
   20.216  -77.708   20.059  -77.855   19.997  -77.888   20.001  -77.890
   19.998  -77.996   20.001  -78.503   19.998  -79.003   19.998  -79.500
   19.998  -79.997   20.001  -80.500   19.998  -81.000   20.001  -81.500
   19.998  -82.004   20.001  -82.501   19.998  -83.004   20.001  -83.501
   19.998  -84.001   19.998  -84.505   19.998  -85.002   20.001  -85.498
   19.998  -85.999   19.998  -86.550   19.998  -87.002   19.998  -87.252
B00000 Central_Sub_Area                  1761  -8293   1
<NAME>NWC_CNTRL
 300                 14.997   20.004  -88.448  -74.995   19.998  -87.252
   19.998  -87.002   19.998  -86.550   19.998  -85.999   20.001  -85.498
   19.998  -85.002   19.998  -84.505   19.998  -84.001   20.001  -83.501
   19.998  -83.004   20.001  -82.501   19.998  -82.004   20.001  -81.500
   19.998  -81.000   20.001  -80.500   19.998  -79.997   19.998  -79.500
   19.998  -79.003   20.001  -78.503   19.998  -77.996   20.001  -77.890
   20.002  -77.886   19.898  -77.941   19.733  -77.910   19.624  -77.722
   19.640  -77.461   19.672  -77.259   19.708  -77.211   19.675  -76.972
   19.724  -76.780   19.740  -76.595   19.759  -76.406   19.801  -76.204
   19.762  -75.968   19.762  -75.769   19.701  -75.639   19.672  -75.437
   19.688  -75.228   19.708  -75.128   19.692  -75.029   19.708  -74.995
   19.708  -74.998   19.349  -74.998   19.010  -74.998   18.500  -74.998
   18.002  -75.002   17.503  -75.002   17.003  -75.002   17.003  -75.002
   16.999  -74.998   17.003  -75.495   16.999  -75.995   16.996  -76.499
   16.999  -77.002   16.996  -77.499   16.999  -78.003   16.999  -78.499
   16.999  -79.003   16.996  -79.500   16.999  -79.997   16.501  -79.997
   16.001  -80.000   15.500  -80.003   15.001  -80.000   15.004  -80.000
   15.004  -80.500   15.001  -80.997   14.997  -81.497   15.001  -81.997
   15.004  -82.497   15.001  -82.933   15.070  -82.946   15.143  -83.004
   15.186  -83.073   15.209  -83.138   15.302  -83.172   15.381  -83.231
   15.420  -83.289   15.463  -83.361   15.543  -83.563   15.533  -83.672
   15.605  -83.717   15.826  -83.960   16.007  -84.176   16.040  -84.382
   16.040  -84.570   16.139  -84.789   16.192  -84.985   16.152  -85.159
   16.103  -85.214   16.090  -85.430   16.096  -85.512   16.146  -85.591
   16.202  -85.769   16.228  -86.023   16.175  -86.142   16.093  -86.197
   16.057  -86.273   15.984  -86.393   16.001  -86.485   15.991  -86.667
   15.984  -86.793   15.961  -86.889   15.971  -86.999   16.001  -87.177
   16.037  -87.314   16.017  -87.420   16.007  -87.458   16.077  -87.571
   16.116  -87.681   16.110  -87.794   16.093  -87.876   16.021  -88.044
   15.932  -88.174   15.988  -88.270   16.057  -88.386   16.113  -88.448
   16.165  -88.373   16.264  -88.290   16.356  -88.222   16.580  -88.116
   16.737  -88.081   16.822  -88.075   16.957  -88.006   17.111  -88.040
   17.071  -87.917   17.127  -87.794   17.258  -87.715   17.451  -87.571
   17.624  -87.605   17.732  -87.735   17.748  -87.849   17.849  -87.756
   18.012  -87.684   18.178  -87.643   18.240  -87.643   18.347  -87.574
   18.542  -87.544   18.594  -87.540   18.698  -87.465   18.854  -87.420
   18.990  -87.403   19.116  -87.338   19.252  -87.294   19.352  -87.297
   19.482  -87.225   19.640  -87.215   19.753  -87.287   19.869  -87.249
   20.004  -87.252
B00000 Southeast_Sub_Area                1596  -7742   1
<NAME>NWC_SE
  62                 14.997   17.003  -80.003  -74.998   15.001  -80.000
   15.500  -80.003   16.001  -80.000   16.501  -79.997   16.999  -79.997
   16.996  -79.500   16.999  -79.003   16.999  -78.499   16.999  -78.003
   16.996  -77.499   16.999  -77.002   16.996  -76.499   16.999  -75.995
   17.003  -75.495   16.999  -74.998   17.003  -75.002   16.504  -74.998
   16.004  -75.002   15.496  -75.002   15.004  -74.998   15.004  -74.998
   15.004  -75.591   15.001  -75.999   14.997  -76.499   15.004  -76.999
   15.001  -77.496   14.997  -77.996   14.997  -78.503   15.001  -78.996
   15.004  -79.496   15.004  -79.993
B00000 NW_Sub_Area                       2884  -7675   1
<NAME>SWNA_NW
 228                 26.996   31.008  -80.431  -72.995   27.038  -79.060
   27.126  -79.082   27.284  -79.126   27.434  -79.187   27.579  -79.244
   27.737  -79.310   27.909  -79.385   28.058  -79.429   28.172  -79.486
   28.291  -79.543   28.423  -79.539   28.577  -79.534   28.722  -79.574
   28.845  -79.609   28.981  -79.657   29.078  -79.719   29.188  -79.789
   29.280  -79.855   29.434  -79.956   29.610  -80.071   29.737  -80.137
   29.891  -80.211   30.005  -80.268   30.120  -80.304   30.265  -80.339
   30.353  -80.370   30.454  -80.392   30.533  -80.414   30.678  -80.431
   30.775  -80.396   30.902  -80.339   30.999  -80.304   30.995  -80.189
   30.995  -80.053   31.003  -79.904   31.003  -79.745   31.003  -79.578
   31.003  -79.433   31.003  -79.235   31.003  -79.042   31.008  -78.778
   31.003  -78.506   31.008  -78.238   31.003  -78.040   31.008  -77.706
   31.003  -77.420   31.003  -77.205   31.003  -76.919   31.003  -76.572
   31.003  -76.211   31.003  -75.952   30.999  -75.631   31.003  -75.275
   30.999  -74.725   30.999  -74.229   30.999  -73.732   30.999  -73.328
   30.999  -73.326   31.003  -73.004   30.863  -73.004   30.669  -73.004
   30.177  -73.004   30.025  -72.999   29.858  -73.004   29.698  -72.999
   29.502  -72.999   29.283  -72.999   29.041  -72.999   28.810  -73.004
   28.604  -73.004   28.380  -72.995   28.218  -73.004   27.981  -72.999
   27.748  -72.999   27.588  -73.008   27.417  -73.004   27.272  -73.004
   27.131  -72.995   26.996  -73.004   27.000  -73.041   27.004  -73.167
   27.000  -73.326   27.000  -73.410   27.000  -73.523   27.000  -73.636
   27.000  -73.770   27.000  -73.917   27.000  -74.038   27.000  -74.160
   27.000  -74.315   27.004  -74.499   26.996  -74.755   27.000  -74.901
   27.000  -75.035   27.000  -75.186   27.004  -75.379   27.000  -75.634
   27.000  -75.944   27.000  -76.166   27.000  -76.342   27.004  -76.510
   27.000  -76.694   27.004  -76.920   27.000  -77.134   27.000  -77.306
   27.000  -77.519   27.000  -77.750   27.004  -77.997   27.000  -78.202
   27.000  -78.403   27.004  -78.638   27.000  -78.797   27.004  -78.964
   27.000  -79.056
B00000 NE_Sub_Area                       2873  -6924   1
<NAME>SWNA_NE
 194                 26.996   31.003  -73.008  -64.998   26.996  -73.004
   27.131  -72.995   27.272  -73.004   27.417  -73.004   27.588  -73.008
   27.748  -72.999   27.981  -72.999   28.218  -73.004   28.380  -72.995
   28.604  -73.004   28.810  -73.004   29.041  -72.999   29.283  -72.999
   29.502  -72.999   29.698  -72.999   29.858  -73.004   30.025  -72.999
   30.177  -73.004   30.669  -73.004   30.863  -73.004   31.003  -73.004
   30.999  -72.941   30.999  -72.527   30.999  -72.171   30.999  -71.829
   30.999  -71.433   30.999  -70.936   30.999  -70.510   30.999  -70.061
   30.999  -69.798   30.999  -69.503   30.999  -69.178   30.999  -68.752
   30.999  -68.409   31.003  -68.066   30.999  -67.859   31.003  -67.631
   30.999  -67.389   31.003  -67.090   30.999  -66.839   31.003  -66.593
   30.999  -66.356   31.003  -66.079   30.999  -65.850   30.999  -65.639
   30.999  -65.398   30.999  -65.231   30.999  -65.037   30.999  -64.998
   30.397  -65.002   29.909  -64.998   29.535  -65.002   29.104  -64.998
   28.797  -65.002   28.498  -64.998   28.203  -64.998   27.944  -64.998
   27.649  -64.998   27.293  -64.998   27.007  -65.001   26.999  -65.057
   26.999  -65.291   27.003  -65.520   26.999  -65.750   26.999  -65.993
   26.999  -66.200   27.003  -66.434   26.999  -66.663   26.999  -66.924
   26.999  -67.189   26.999  -67.401   27.003  -67.581   26.999  -67.747
   26.999  -67.986   26.999  -68.197   26.999  -68.413   26.999  -68.629
   27.003  -68.827   26.999  -69.025   27.003  -69.219   26.999  -69.381
   26.999  -69.547   26.999  -69.822   26.999  -70.123   26.999  -70.389
   26.999  -70.573   27.003  -70.753   26.999  -70.965   27.003  -71.226
   26.999  -71.505   26.999  -71.707   27.003  -72.018   26.999  -72.180
   27.003  -72.396   26.999  -72.558   26.999  -72.765   26.999  -72.958
B00000 Southwest_Sub_Area                2259  -7633   1
<NAME>SWNA_SW
 434                 19.803   27.004  -81.003  -69.918   19.996  -70.028
   20.189  -70.194   20.415  -70.414   20.723  -70.717   21.073  -71.061
   21.388  -71.384   21.717  -71.707   22.046  -72.041   22.303  -72.297
   22.658  -72.656   22.885  -72.887   23.390  -73.385   23.710  -73.698
   23.991  -73.985   24.328  -74.314   24.697  -74.688   24.986  -74.960
   25.260  -75.237   25.524  -75.514   25.728  -75.714   26.207  -76.202
   26.552  -76.540   26.993  -76.994   27.000  -77.134   27.000  -77.306
   27.000  -77.519   27.000  -77.750   27.004  -77.997   27.000  -78.202
   27.000  -78.403   27.004  -78.638   27.000  -78.797   27.004  -78.964
   27.000  -79.056   27.002  -79.057   26.922  -79.044   26.911  -79.042
   26.792  -79.029   26.682  -79.033   26.524  -79.042   26.353  -79.064
   26.251  -79.077   26.155  -79.090   26.049  -79.104   25.966  -79.117
   25.834  -79.121   25.715  -79.126   25.627  -79.134   25.557  -79.152
   25.460  -79.178   25.372  -79.183   25.254  -79.209   25.175  -79.231
   25.091  -79.257   25.012  -79.293   24.933  -79.332   24.862  -79.376
   24.788  -79.420   24.717  -79.464   24.638  -79.504   24.550  -79.570
   24.454  -79.644   24.366  -79.741   24.287  -79.816   24.216  -79.895
   24.155  -79.978   24.120  -80.027   24.071  -80.097   24.014  -80.176
   23.970  -80.251   23.922  -80.356   23.878  -80.440   23.834  -80.537
   23.794  -80.642   23.763  -80.739   23.728  -80.818   23.706  -80.923
   23.698  -80.998   23.649  -80.998   23.566  -80.998   23.482  -80.998
   23.399  -80.998   23.311  -81.003   23.271  -80.998   23.276  -80.994
   23.280  -80.937   23.298  -80.752   23.267  -80.528   23.161  -80.436
   23.122  -80.334   23.122  -80.233   23.144  -80.123   23.144  -80.000
   23.087  -79.882   23.021  -79.833   22.977  -79.745   22.994  -79.693
   23.016  -79.574   22.977  -79.477   22.928  -79.416   22.880  -79.341
   22.796  -79.213   22.687  -79.134   22.581  -79.121   22.603  -79.007
   22.607  -78.888   22.713  -78.800   22.757  -78.721   22.752  -78.633
   22.730  -78.519   22.752  -78.466   22.757  -78.391   22.744  -78.326
   22.704  -78.238   22.638  -78.176   22.621  -78.088   22.581  -78.022
   22.533  -77.961   22.458  -77.904   22.414  -77.816   22.348  -77.710
   22.269  -77.666   22.273  -77.635   22.234  -77.556   22.172  -77.486
   22.089  -77.438   22.062  -77.398   21.988  -77.345   21.939  -77.266
   21.886  -77.187   21.843  -77.086   21.812  -77.016   21.750  -76.963
   21.671  -76.871   21.596  -76.813   21.574  -76.739   21.548  -76.607
   21.486  -76.510   21.482  -76.427   21.460  -76.290   21.403  -76.194
   21.403  -76.176   21.381  -76.110   21.341  -76.044   21.293  -75.983
   21.302  -75.939   21.337  -75.816   21.319  -75.662   21.253  -75.530
   21.161  -75.433   21.051  -75.385   20.933  -75.389   20.928  -75.266
   20.911  -75.139   20.897  -74.989   20.875  -74.897   20.840  -74.822
   20.770  -74.668   20.682  -74.541   20.612  -74.448   20.546  -74.409
   20.506  -74.356   20.515  -74.295   20.502  -74.163   20.431  -74.053
   20.344  -73.965   20.260  -73.934   20.163  -73.934   20.067  -73.974
   20.001  -74.031   19.983  -73.996   19.922  -73.873   19.856  -73.754
   19.803  -73.662   19.838  -73.635   19.917  -73.596   19.974  -73.543
   20.023  -73.477   20.027  -73.402   20.049  -73.350   20.106  -73.231
   20.124  -73.147   20.177  -73.117   20.256  -73.029   20.286  -72.884
   20.286  -72.756   20.234  -72.611   20.172  -72.510   20.089  -72.448
   20.005  -72.418   19.948  -72.242   19.944  -72.189   19.917  -72.075
   19.917  -71.938   19.944  -71.899   19.996  -71.846   20.045  -71.802
   20.089  -71.727   20.102  -71.618   20.102  -71.459   20.049  -71.327
   20.027  -71.262   20.045  -71.222   20.089  -71.160   20.128  -71.064
   20.133  -70.989   20.111  -70.853   20.058  -70.725   19.996  -70.655
   19.961  -70.576   19.979  -70.519   19.974  -70.409   19.913  -70.294
   19.838  -70.215   19.842  -70.167   19.878  -70.057   19.873  -69.918
B00000 East_Sub_Area                     2601  -7061   1
<NAME>SWNA_ECNTRL
 210                 23.001   27.010  -76.994  -64.993   26.993  -76.994
   26.552  -76.540   26.207  -76.202   25.728  -75.714   25.524  -75.514
   25.260  -75.237   24.986  -74.960   24.697  -74.688   24.328  -74.314
   23.991  -73.985   23.710  -73.698   23.392  -73.387   23.001  -72.998
   23.001  -72.471   23.001  -71.789   23.001  -71.043   23.001  -70.013
   23.001  -69.356   23.001  -69.064   23.001  -68.520   23.001  -68.115
   23.001  -67.498   23.001  -66.947   23.001  -66.492   23.001  -65.949
   23.009  -65.430   23.001  -65.040   23.009  -65.000   23.240  -65.002
   23.662  -64.998   24.115  -65.002   24.796  -64.998   25.280  -64.998
   25.671  -64.993   26.093  -64.998   26.401  -65.002   26.643  -65.002
   26.972  -65.002   26.979  -65.002   27.010  -65.001   27.007  -65.001
   26.999  -65.057   26.999  -65.291   27.003  -65.520   26.999  -65.750
   26.999  -65.993   26.999  -66.200   27.003  -66.434   26.999  -66.663
   26.999  -66.924   26.999  -67.189   26.999  -67.401   27.003  -67.581
   26.999  -67.747   26.999  -67.986   26.999  -68.197   26.999  -68.413
   26.999  -68.629   27.003  -68.827   26.999  -69.025   27.003  -69.219
   26.999  -69.381   26.999  -69.547   26.999  -69.822   26.999  -70.123
   26.999  -70.389   26.999  -70.573   27.003  -70.753   26.999  -70.965
   27.003  -71.226   26.999  -71.505   26.999  -71.707   27.003  -72.018
   26.999  -72.180   27.003  -72.396   26.999  -72.558   26.999  -72.765
   26.999  -72.958   26.996  -73.004   26.996  -73.004   27.000  -73.041
   27.004  -73.167   27.000  -73.326   27.000  -73.410   27.000  -73.523
   27.000  -73.636   27.000  -73.770   27.000  -73.917   27.000  -74.038
   27.000  -74.160   27.000  -74.315   27.004  -74.499   26.996  -74.755
   27.000  -74.901   27.000  -75.035   27.000  -75.186   27.004  -75.379
   27.000  -75.634   27.000  -75.944   27.000  -76.166   27.000  -76.342
   27.004  -76.510   27.000  -76.694   27.004  -76.920   27.003  -76.974
B00000 Southeast_Sub_Area                2073  -6829   1
<NAME>SWNA_SE
 152                 18.616   23.009  -72.998  -64.998   19.995  -70.027
   19.996  -70.028   20.189  -70.194   20.415  -70.414   20.723  -70.717
   21.073  -71.061   21.388  -71.384   21.717  -71.707   22.046  -72.041
   22.303  -72.297   22.658  -72.656   22.881  -72.883   23.001  -72.998
   23.001  -72.471   23.001  -71.789   23.001  -71.043   23.001  -70.013
   23.001  -69.356   23.001  -69.064   23.001  -68.520   23.001  -68.115
   23.001  -67.498   23.001  -66.947   23.001  -66.492   23.001  -65.949
   23.009  -65.430   23.001  -65.040   23.009  -65.000   22.925  -65.002
   22.911  -65.002   22.515  -65.002   22.106  -65.002   21.794  -64.998
   21.385  -65.002   21.108  -65.002   20.862  -65.002   20.550  -65.002
   20.264  -64.998   19.996  -64.998   19.763  -64.998   19.544  -64.998
   19.535  -65.033   19.539  -65.494   19.535  -66.026   19.539  -66.488
   19.535  -66.940   19.539  -67.345   19.535  -67.859   19.535  -68.004
   19.297  -68.004   19.016  -68.000   18.792  -68.004   18.629  -68.004
   18.616  -68.123   18.695  -68.145   18.783  -68.215   18.889  -68.347
   19.012  -68.505   19.100  -68.589   19.161  -68.730   19.218  -68.879
   19.231  -68.967   19.302  -68.963   19.376  -68.971   19.469  -69.042
   19.539  -69.138   19.561  -69.239   19.539  -69.345   19.526  -69.424
   19.539  -69.578   19.508  -69.683   19.627  -69.688   19.711  -69.710
   19.794  -69.785   19.873  -69.912   19.874  -69.923
B00000 Southwest_North_Atlantic          2423  -7431   1
<NAME>SWNA_ENTIRE
 662                 18.616   31.008  -81.003  -64.993   23.271  -80.998
   23.311  -81.003   23.399  -80.998   23.482  -80.998   23.566  -80.998
   23.649  -80.998   23.698  -80.998   23.706  -80.923   23.728  -80.818
   23.763  -80.739   23.794  -80.642   23.834  -80.537   23.878  -80.440
   23.922  -80.356   23.970  -80.251   24.014  -80.176   24.071  -80.097
   24.120  -80.027   24.155  -79.978   24.216  -79.895   24.287  -79.816
   24.366  -79.741   24.454  -79.644   24.550  -79.570   24.638  -79.504
   24.717  -79.464   24.788  -79.420   24.862  -79.376   24.933  -79.332
   25.012  -79.293   25.091  -79.257   25.175  -79.231   25.254  -79.209
   25.372  -79.183   25.460  -79.178   25.557  -79.152   25.627  -79.134
   25.715  -79.126   25.834  -79.121   25.966  -79.117   26.049  -79.104
   26.155  -79.090   26.251  -79.077   26.353  -79.064   26.524  -79.042
   26.682  -79.033   26.792  -79.029   26.911  -79.042   27.038  -79.060
   27.126  -79.082   27.284  -79.126   27.434  -79.187   27.579  -79.244
   27.737  -79.310   27.909  -79.385   28.058  -79.429   28.172  -79.486
   28.291  -79.543   28.423  -79.539   28.577  -79.534   28.722  -79.574
   28.845  -79.609   28.981  -79.657   29.078  -79.719   29.188  -79.789
   29.280  -79.855   29.434  -79.956   29.610  -80.071   29.737  -80.137
   29.891  -80.211   30.005  -80.268   30.120  -80.304   30.265  -80.339
   30.353  -80.370   30.454  -80.392   30.533  -80.414   30.678  -80.431
   30.775  -80.396   30.902  -80.339   30.999  -80.304   30.995  -80.189
   30.995  -80.053   31.003  -79.904   31.003  -79.745   31.003  -79.578
   31.003  -79.433   31.003  -79.235   31.003  -79.042   31.008  -78.778
   31.003  -78.506   31.008  -78.238   31.003  -78.040   31.008  -77.706
   31.003  -77.420   31.003  -77.205   31.003  -76.919   31.003  -76.572
   31.003  -76.211   31.003  -75.952   30.999  -75.631   31.003  -75.275
   30.999  -74.725   30.999  -74.229   30.999  -73.732   30.999  -73.328
   30.999  -72.941   30.999  -72.528   30.999  -72.171   30.999  -71.829
   30.999  -71.433   30.999  -70.936   30.999  -70.510   30.999  -70.061
   30.999  -69.798   30.999  -69.503   30.999  -69.178   30.999  -68.752
   30.999  -68.409   31.003  -68.066   30.999  -67.859   31.003  -67.631
   30.999  -67.389   31.003  -67.090   30.999  -66.839   31.003  -66.593
   30.999  -66.356   31.003  -66.079   30.999  -65.850   30.999  -65.639
   30.999  -65.398   30.999  -65.230   30.999  -65.037   30.999  -64.998
   30.397  -65.002   29.909  -64.998   29.535  -65.002   29.104  -64.998
   28.797  -65.002   28.498  -64.998   28.203  -64.998   27.944  -64.998
   27.649  -64.998   27.293  -64.998   26.972  -65.002   26.643  -65.002
   26.401  -65.002   26.093  -64.998   25.671  -64.993   25.280  -64.998
   24.796  -64.998   24.115  -65.002   23.662  -64.998   23.236  -65.002
   22.911  -65.002   22.515  -65.002   22.106  -65.002   21.794  -64.998
   21.385  -65.002   21.108  -65.002   20.862  -65.002   20.550  -65.002
   20.264  -64.998   19.996  -64.998   19.763  -64.998   19.544  -64.998
   19.535  -65.033   19.539  -65.494   19.535  -66.026   19.539  -66.488
   19.535  -66.940   19.539  -67.345   19.535  -67.859   19.535  -68.004
   19.297  -68.004   19.016  -68.000   18.792  -68.004   18.629  -68.004
   18.616  -68.123   18.695  -68.145   18.783  -68.215   18.889  -68.347
   19.012  -68.505   19.100  -68.589   19.161  -68.730   19.218  -68.879
   19.231  -68.967   19.302  -68.963   19.376  -68.971   19.469  -69.042
   19.539  -69.138   19.561  -69.239   19.539  -69.345   19.526  -69.424
   19.539  -69.578   19.508  -69.683   19.627  -69.688   19.711  -69.710
   19.794  -69.785   19.873  -69.912   19.878  -70.057   19.842  -70.167
   19.838  -70.215   19.913  -70.294   19.974  -70.409   19.979  -70.519
   19.961  -70.576   19.996  -70.655   20.058  -70.725   20.111  -70.853
   20.133  -70.989   20.128  -71.064   20.089  -71.160   20.045  -71.222
   20.027  -71.262   20.049  -71.327   20.102  -71.459   20.102  -71.618
   20.089  -71.727   20.045  -71.802   19.996  -71.846   19.944  -71.899
   19.917  -71.938   19.917  -72.075   19.944  -72.189   19.948  -72.242
   20.005  -72.418   20.089  -72.448   20.172  -72.510   20.234  -72.611
   20.286  -72.756   20.286  -72.884   20.256  -73.029   20.177  -73.117
   20.124  -73.147   20.106  -73.231   20.049  -73.350   20.027  -73.402
   20.023  -73.477   19.974  -73.543   19.917  -73.596   19.838  -73.635
   19.803  -73.662   19.856  -73.754   19.922  -73.873   19.983  -73.996
   20.001  -74.031   20.067  -73.974   20.163  -73.934   20.260  -73.934
   20.344  -73.965   20.431  -74.053   20.502  -74.163   20.515  -74.295
   20.506  -74.356   20.546  -74.409   20.612  -74.448   20.682  -74.541
   20.770  -74.668   20.840  -74.822   20.875  -74.897   20.897  -74.989
   20.911  -75.139   20.928  -75.266   20.933  -75.389   21.051  -75.385
   21.161  -75.433   21.253  -75.530   21.319  -75.662   21.337  -75.816
   21.302  -75.939   21.293  -75.983   21.341  -76.044   21.381  -76.110
   21.403  -76.176   21.403  -76.194   21.460  -76.290   21.482  -76.427
   21.486  -76.510   21.548  -76.607   21.574  -76.739   21.596  -76.813
   21.671  -76.871   21.750  -76.963   21.812  -77.016   21.843  -77.086
   21.886  -77.187   21.939  -77.266   21.988  -77.345   22.062  -77.398
   22.089  -77.438   22.172  -77.486   22.234  -77.556   22.273  -77.635
   22.269  -77.666   22.348  -77.710   22.414  -77.816   22.458  -77.904
   22.533  -77.961   22.581  -78.022   22.621  -78.088   22.638  -78.176
   22.704  -78.238   22.744  -78.326   22.757  -78.391   22.752  -78.466
   22.730  -78.519   22.752  -78.633   22.757  -78.721   22.713  -78.800
   22.607  -78.888   22.603  -79.007   22.581  -79.121   22.687  -79.134
   22.796  -79.213   22.880  -79.341   22.928  -79.416   22.977  -79.477
   23.016  -79.574   22.994  -79.693   22.977  -79.745   23.021  -79.833
   23.087  -79.882   23.144  -80.000   23.144  -80.123   23.122  -80.233
   23.122  -80.334   23.161  -80.436   23.267  -80.528   23.298  -80.752
   23.280  -80.937   23.276  -80.994
B00000 Tropical_North_Atlantic           1521  -6042   1
<NAME>TNA_ENTIRE
 174                  7.005   22.001  -65.002  -54.996   21.848  -55.001
   20.838  -55.001   19.229  -55.001   17.955  -55.001   15.881  -55.001
   14.563  -55.001   13.089  -55.001   11.692  -55.001   10.586  -55.001
    9.647  -55.001    8.577  -55.001    7.868  -55.001    7.181  -55.001
    7.005  -54.996    7.005  -55.359    7.005  -56.187    7.005  -56.708
    7.005  -57.276    7.005  -58.002    7.014  -58.392    7.162  -58.448
    7.402  -58.457    7.651  -58.681    7.881  -58.904    8.305  -59.537
    8.443  -59.769    8.572  -60.021    8.682  -60.467    9.362  -60.774
    9.619  -61.025    9.692  -61.277    9.931  -61.611   10.105  -60.932
   10.690  -60.914   10.882  -60.867   10.837  -61.481   10.791  -61.863
   10.919  -61.965   11.003  -61.995   10.941  -61.743   11.107  -61.310
   11.607  -61.341   12.710  -61.356   12.951  -61.573   14.676  -61.820
   15.570  -61.959   15.987  -62.021   16.417  -62.330   16.846  -62.824
   16.979  -63.195   16.964  -63.875   16.952  -63.998   17.114  -64.007
   17.273  -63.998   17.906  -63.998   18.713  -63.998   19.268  -63.998
   19.545  -64.007   19.545  -64.164   19.545  -64.701   19.545  -64.965
   19.544  -64.998   19.763  -64.998   19.996  -64.998   20.264  -64.998
   20.550  -65.002   20.862  -65.002   21.108  -65.002   21.385  -65.002
   21.794  -64.998   22.001  -65.000   22.000  -64.945   22.000  -64.638
   22.000  -64.022   22.000  -63.098   22.000  -62.548   22.000  -61.652
   22.000  -60.840   22.000  -60.075   22.000  -59.553   22.000  -58.694
   22.000  -58.181   22.000  -57.491   22.000  -56.772   22.000  -56.129
   22.000  -55.476   22.000  -55.000
B00000 Tropical_North_Atlantic            940  -5857   1
<NAME>TNA_S
  88                  7.005   11.003  -61.995  -54.996   11.003  -61.483
   11.003  -61.166   11.003  -59.899   11.003  -58.853   11.003  -57.509
   11.003  -56.808   11.003  -56.271   11.003  -55.704   11.003  -55.320
   11.003  -55.032   11.000  -55.001   10.586  -55.001    9.647  -55.001
    8.577  -55.001    7.868  -55.001    7.181  -55.001    7.005  -54.996
    7.005  -55.359    7.005  -56.187    7.005  -56.708    7.005  -57.276
    7.005  -58.002    7.014  -58.392    7.162  -58.448    7.402  -58.457
    7.651  -58.681    7.881  -58.904    8.305  -59.537    8.443  -59.769
    8.572  -60.021    8.682  -60.467    9.362  -60.774    9.619  -61.025
    9.692  -61.277    9.931  -61.611   10.105  -60.932   10.690  -60.914
   10.882  -60.867   10.837  -61.481   10.791  -61.863   10.919  -61.965
   11.003  -61.995   10.941  -61.743   11.002  -61.583
B00000 Tropical_North_Atlantic           1485  -5948   1
<NAME>TNA_CNTRL
 102                 11.000   18.016  -64.007  -55.001   11.000  -55.001
   11.003  -55.032   11.003  -55.320   11.003  -55.704   11.003  -56.271
   11.003  -56.808   11.003  -57.509   11.003  -58.853   11.003  -59.899
   11.003  -61.166   11.003  -61.483   11.002  -61.583   11.002  -61.584
   11.008  -61.569   11.107  -61.310   11.607  -61.341   12.710  -61.356
   12.951  -61.573   14.676  -61.820   15.570  -61.959   15.987  -62.021
   16.417  -62.330   16.846  -62.824   16.979  -63.195   16.964  -63.875
   16.952  -63.998   17.114  -64.007   17.273  -63.998   17.906  -63.998
   18.004  -63.998   18.004  -63.861   18.004  -62.921   18.004  -62.044
   18.004  -61.320   18.004  -60.672   18.004  -59.985   18.016  -59.210
   18.004  -58.600   18.004  -58.029   18.004  -57.444   18.004  -56.809
   18.004  -56.034   18.004  -55.563   18.004  -55.081   18.004  -55.001
   17.955  -55.001   15.881  -55.001   14.563  -55.001   13.089  -55.001
   11.692  -55.001   11.001  -55.001
B00000 Tropical_North_Atlantic           2002  -6085   1
<NAME>TNA_N
 106                 18.002   22.001  -65.002  -55.000   18.002  -55.001
   19.229  -55.001   20.838  -55.001   21.848  -55.001   22.000  -55.000
   22.000  -55.476   22.000  -56.129   22.000  -56.772   22.000  -57.491
   22.000  -58.181   22.000  -58.694   22.000  -59.553   22.000  -60.075
   22.000  -60.840   22.000  -61.652   22.000  -62.548   22.000  -63.098
   22.000  -64.022   22.000  -64.638   22.000  -64.945   22.001  -65.000
   21.794  -64.998   21.385  -65.002   21.108  -65.002   20.862  -65.002
   20.550  -65.002   20.264  -64.998   19.996  -64.998   19.763  -64.998
   19.544  -64.998   19.545  -64.965   19.545  -64.701   19.545  -64.164
   19.545  -64.007   19.268  -63.998   18.713  -63.998   18.002  -63.998
   18.004  -63.995   18.004  -63.861   18.004  -62.921   18.004  -62.044
   18.004  -61.320   18.004  -60.672   18.004  -59.985   18.016  -59.210
   18.004  -58.600   18.004  -58.029   18.004  -57.444   18.004  -56.809
   18.004  -56.034   18.004  -55.563   18.004  -55.081   18.004  -55.001
B00000 Eastern_Caribbean                 1461  -6989   1
<NAME>EC_ENTIRE
 202                 10.394   19.910  -75.002  -61.310   11.247  -75.000
   11.385  -75.000   11.916  -75.000   12.456  -75.000   13.044  -75.000
   13.637  -75.000   14.294  -75.000   14.709  -75.000   14.960  -75.000
   15.004  -74.998   15.004  -74.998   15.015  -74.998   15.496  -75.002
   16.004  -75.002   16.504  -74.998   17.003  -75.002   17.503  -75.002
   18.002  -75.002   18.500  -74.998   19.010  -74.998   19.349  -74.998
   19.708  -74.998   19.708  -74.995   19.750  -74.858   19.881  -74.642
   19.837  -74.225   19.910  -74.101   19.881  -73.808   19.517  -73.607
   19.153  -73.422   18.875  -73.761   18.860  -74.410   18.465  -74.688
   18.143  -74.596   17.805  -73.978   17.893  -73.483   17.908  -72.773
   17.908  -72.031   17.333  -71.537   17.437  -71.151   17.922  -70.687
   17.996  -69.822   18.069  -69.127   17.834  -68.679   17.849  -68.277
   17.834  -68.015   17.171  -68.030   16.905  -67.999   16.935  -67.057
   16.950  -65.775   16.935  -64.168   16.964  -63.875   16.979  -63.195
   16.846  -62.824   16.417  -62.330   15.987  -62.021   15.570  -61.959
   14.676  -61.820   12.951  -61.573   12.710  -61.356   11.607  -61.341
   11.107  -61.310   10.941  -61.743   11.062  -62.237   11.062  -62.778
   10.971  -63.380   11.016  -63.581   11.289  -63.581   11.425  -63.875
   11.410  -64.168   11.289  -64.323   11.168  -64.693   10.850  -64.647
   10.652  -64.585   10.485  -64.678   10.394  -64.971   10.394  -65.388
   10.591  -65.728   10.834  -65.945   10.910  -66.732   10.774  -67.767
   10.834  -67.999   11.153  -68.061   11.698  -68.524   11.804  -69.173
   11.894  -69.544   12.378  -69.807   12.453  -70.332   11.819  -70.579
   11.562  -70.672   11.849  -70.919   12.333  -70.811   12.785  -71.398
   12.604  -72.078   12.121  -72.526   11.774  -73.159   11.607  -73.545
   11.607  -74.039   11.365  -74.518   11.304  -74.673   11.350  -74.905
B00000 Eastern_Caribbean                 1338  -7240   1
<NAME>EC_SW
  94                 11.247   15.005  -75.000  -69.995   12.406  -70.002
   12.453  -70.332   11.819  -70.579   11.562  -70.672   11.849  -70.919
   12.333  -70.811   12.785  -71.398   12.604  -72.078   12.121  -72.526
   11.774  -73.159   11.607  -73.545   11.607  -74.039   11.365  -74.518
   11.304  -74.673   11.350  -74.905   11.247  -75.000   11.385  -75.000
   11.916  -75.000   12.456  -75.000   13.044  -75.000   13.637  -75.000
   14.294  -75.000   14.709  -75.000   14.960  -75.000   15.001  -74.998
   14.999  -74.948   14.999  -74.677   14.999  -74.254   14.999  -73.748
   14.999  -73.096   14.999  -72.486   14.999  -72.028   15.005  -71.605
   14.999  -71.105   14.999  -70.613   14.999  -70.113   14.999  -69.995
   14.952  -69.995   14.717  -70.002   14.475  -69.995   14.193  -70.002
   13.910  -69.995   13.607  -70.002   13.337  -69.995   13.047  -70.002
   12.736  -69.995   12.519  -70.002
B00000 Eastern_Caribbean                 1396  -6811   1
<NAME>EC_CNTRL
 154                 10.394   17.015  -74.999  -61.310   16.998  -68.010
   16.905  -67.999   16.935  -67.057   16.950  -65.775   16.935  -64.168
   16.964  -63.875   16.979  -63.195   16.846  -62.824   16.417  -62.330
   15.987  -62.021   15.570  -61.959   14.676  -61.820   12.951  -61.573
   12.710  -61.356   11.607  -61.341   11.107  -61.310   10.941  -61.743
   11.062  -62.237   11.062  -62.778   10.971  -63.380   11.016  -63.581
   11.289  -63.581   11.425  -63.875   11.410  -64.168   11.289  -64.323
   11.168  -64.693   10.850  -64.647   10.652  -64.585   10.485  -64.678
   10.394  -64.971   10.394  -65.388   10.591  -65.728   10.834  -65.945
   10.910  -66.732   10.774  -67.767   10.834  -67.999   11.153  -68.061
   11.698  -68.524   11.804  -69.173   11.894  -69.544   12.378  -69.807
   12.406  -70.001   12.522  -69.996   12.857  -69.996   13.269  -69.996
   13.654  -69.996   14.026  -69.996   14.461  -69.996   14.895  -69.996
   14.997  -69.995   14.999  -69.995   14.999  -70.113   14.999  -70.613
   14.999  -71.105   15.005  -71.605   14.999  -72.028   14.999  -72.486
   14.999  -73.096   14.999  -73.748   14.999  -74.254   14.999  -74.677
   14.999  -74.948   15.001  -74.998   15.137  -74.999   15.583  -74.999
   16.053  -74.999   16.433  -74.999   17.002  -74.999   17.002  -74.379
   17.002  -73.838   17.002  -72.993   17.002  -72.200   17.002  -71.250
   17.002  -70.326   17.015  -69.481   17.002  -68.741   17.015  -68.266
B00000 Eastern_Caribbean                 1806  -7231   1
<NAME>EC_NW
  90                 16.995   19.910  -75.002  -68.010   16.995  -68.010
   16.998  -68.010   17.015  -68.266   17.002  -68.741   17.015  -69.481
   17.002  -70.326   17.002  -71.250   17.002  -72.200   17.002  -72.993
   17.002  -73.838   17.002  -74.379   17.002  -74.998   17.005  -75.002
   17.503  -75.002   18.002  -75.002   18.500  -74.998   19.010  -74.998
   19.349  -74.998   19.708  -74.998   19.708  -74.995   19.750  -74.858
   19.881  -74.642   19.837  -74.225   19.910  -74.101   19.881  -73.808
   19.517  -73.607   19.153  -73.421   18.875  -73.761   18.860  -74.410
   18.465  -74.688   18.143  -74.596   17.805  -73.978   17.893  -73.483
   17.908  -72.773   17.908  -72.031   17.333  -71.537   17.437  -71.151
   17.922  -70.687   17.996  -69.822   18.069  -69.127   17.834  -68.679
   17.849  -68.277   17.834  -68.015   17.171  -68.030   16.996  -68.010
B00000 Southwest_Caribbean               1198  -7927   1
<NAME>SWC_ENTIRE
 158                  8.682   15.004  -83.658  -74.998   14.960  -75.000
   14.709  -75.000   14.294  -75.000   13.637  -75.000   13.044  -75.000
   12.456  -75.000   11.916  -75.000   11.385  -75.000   11.247  -75.000
   11.212  -75.071   11.029  -75.229   10.947  -75.387   10.746  -75.620
   10.471  -75.722   10.023  -75.806    9.720  -75.881    9.638  -75.927
    9.528  -76.234    9.289  -76.383    9.160  -76.439    9.069  -76.606
    8.839  -76.923    8.682  -77.099    8.885  -77.285    9.151  -77.648
    9.399  -77.965    9.629  -78.541    9.684  -78.830    9.729  -79.100
    9.775  -79.453    9.830  -79.611    9.619  -79.863    9.528  -80.077
    9.353  -80.346    9.271  -80.598    9.114  -80.895    8.995  -81.342
    9.353  -81.788    9.362  -82.012    9.463  -82.179    9.702  -82.393
    9.830  -82.682   10.243  -83.035   10.627  -83.324   11.065  -83.500
   11.175  -83.658   11.421  -83.593   11.604  -83.435   11.959  -83.500
   12.150  -83.463   12.295  -83.324   12.477  -83.286   12.668  -83.342
   13.085  -83.314   13.429  -83.351   13.845  -83.240   14.098  -83.044
   14.395  -82.989   14.702  -83.091   14.774  -83.100   14.936  -82.933
   15.001  -82.932   15.004  -82.497   15.001  -81.997   14.997  -81.497
   15.001  -80.997   15.004  -80.500   15.004  -79.993   15.004  -79.496
   15.001  -78.996   14.997  -78.503   14.997  -77.996   15.001  -77.496
   15.004  -76.999   14.997  -76.499   15.001  -75.999   15.004  -75.591
   15.004  -74.998   15.004  -74.998
B00000 Southwest_Caribbean                999  -7902   1
<NAME>SWC_S
  92                  8.682   10.999  -83.474  -75.308   10.988  -75.308
   10.947  -75.387   10.746  -75.620   10.471  -75.722   10.023  -75.806
    9.720  -75.881    9.638  -75.927    9.528  -76.234    9.289  -76.383
    9.160  -76.439    9.069  -76.606    8.839  -76.923    8.682  -77.099
    8.885  -77.285    9.151  -77.648    9.399  -77.965    9.629  -78.541
    9.684  -78.830    9.729  -79.100    9.775  -79.453    9.830  -79.611
    9.619  -79.863    9.528  -80.077    9.353  -80.346    9.271  -80.598
    9.114  -80.895    8.995  -81.342    9.353  -81.788    9.362  -82.012
    9.463  -82.179    9.702  -82.393    9.830  -82.682   10.243  -83.035
   10.627  -83.324   10.999  -83.474   10.998  -83.437   10.998  -82.826
   10.998  -82.095   10.998  -81.334   10.998  -80.422   10.998  -79.691
   10.998  -78.489   10.998  -77.377   10.998  -76.445   10.998  -75.744
   10.998  -75.494
B00000 Southwest_Caribbean               1309  -7709   1
<NAME>SWC_NE
  78                 10.989   15.004  -80.002  -74.998   15.004  -79.993
   15.004  -79.496   15.001  -78.996   14.997  -78.503   14.997  -77.996
   15.001  -77.496   15.004  -76.999   14.997  -76.499   15.001  -75.999
   15.004  -75.591   15.004  -74.998   15.004  -74.998   14.960  -75.000
   14.709  -75.000   14.294  -75.000   13.637  -75.000   13.044  -75.000
   12.456  -75.000   11.916  -75.000   11.385  -75.000   11.247  -75.000
   11.212  -75.071   11.029  -75.229   11.000  -75.285   10.989  -75.324
   10.998  -75.494   10.998  -75.744   10.998  -76.445   10.998  -77.377
   10.998  -78.489   10.998  -79.691   10.998  -80.002   11.293  -80.002
   11.823  -80.002   12.489  -80.002   13.124  -80.002   13.699  -80.002
   14.369  -80.002   14.912  -80.002
B00000 Southwest_Caribbean               1294  -8204   1
<NAME>SWC_NW
  82                 10.998   15.004  -83.658  -79.994   10.998  -80.002
   11.293  -80.002   11.823  -80.002   12.489  -80.002   13.124  -80.002
   13.699  -80.002   14.369  -80.002   14.912  -80.002   14.998  -79.994
   15.004  -80.002   15.004  -80.500   15.001  -80.997   14.997  -81.497
   15.001  -81.997   15.004  -82.497   15.001  -82.932   14.936  -82.933
   14.774  -83.100   14.702  -83.091   14.395  -82.989   14.098  -83.044
   13.845  -83.240   13.429  -83.351   13.085  -83.314   12.668  -83.342
   12.477  -83.286   12.295  -83.324   12.150  -83.463   11.959  -83.500
   11.604  -83.435   11.421  -83.593   11.175  -83.658   11.065  -83.500
   11.033  -83.487   10.999  -83.474   10.998  -83.437   10.998  -82.826
   10.998  -82.095   10.998  -81.334   10.998  -80.422   10.998  -80.002
B00000 Southwest_Gulf                    2176  -9428   1
<NAME>SWG_ENTIRE
 188                 18.224   25.007  -97.851  -89.995   21.205  -90.058
   21.156  -90.321   20.813  -90.509   20.381  -90.562   20.017  -90.541
   19.899  -90.646   19.702  -90.740   19.484  -90.761   19.227  -90.918
   19.059  -91.212   18.880  -91.495   18.771  -91.873   18.741  -92.198
   18.681  -92.617   18.512  -92.921   18.463  -93.194   18.503  -93.456
   18.333  -93.876   18.244  -94.117   18.224  -94.337   18.224  -94.526
   18.433  -94.662   18.582  -94.778   18.592  -94.914   18.662  -95.040
   18.771  -95.208   18.771  -95.449   18.811  -95.659   18.910  -95.858
   19.059  -95.921   19.118  -96.047   19.187  -96.057   19.286  -96.162
   19.375  -96.267   19.464  -96.256   19.573  -96.340   19.721  -96.351
   19.919  -96.424   20.116  -96.561   20.313  -96.781   20.490  -96.938
   20.607  -97.095   20.745  -97.127   20.911  -97.242   21.273  -97.379
   21.478  -97.263   21.605  -97.316   21.829  -97.546   22.170  -97.746
   22.374  -97.777   22.558  -97.851   22.819  -97.714   22.973  -97.714
   23.282  -97.746   23.446  -97.735   23.667  -97.693   23.792  -97.704
   23.974  -97.693   24.309  -97.672   24.586  -97.620   24.767  -97.578
   24.929  -97.536   25.007  -97.517   24.999  -97.279   24.999  -96.966
   24.999  -96.671   24.999  -96.265   24.999  -95.970   24.999  -95.648
   24.999  -95.307   24.999  -95.030   24.999  -94.661   24.999  -94.164
   24.999  -93.786   24.999  -93.463   24.999  -93.030   24.999  -92.671
   24.999  -92.265   24.999  -91.629   24.999  -91.122   24.999  -90.836
   24.999  -90.634   24.999  -90.348   24.999  -90.118   24.993  -90.005
   24.519  -89.995   24.091  -89.995   23.579  -89.995   22.983  -89.995
   22.217  -89.995   21.745  -90.005   21.392  -90.005   21.224  -90.005
   21.190  -90.002
B00000 Southwest_Gulf                    2011  -9401   1
<NAME>SWG_S
 128                 18.224   22.006  -97.650  -90.000   21.999  -90.000
   21.745  -90.005   21.392  -90.005   21.224  -90.005   21.190  -90.002
   21.205  -90.058   21.156  -90.321   20.813  -90.509   20.381  -90.562
   20.017  -90.541   19.899  -90.646   19.702  -90.740   19.484  -90.761
   19.227  -90.918   19.059  -91.212   18.880  -91.495   18.771  -91.873
   18.741  -92.198   18.681  -92.617   18.512  -92.921   18.463  -93.194
   18.503  -93.456   18.333  -93.876   18.244  -94.117   18.224  -94.337
   18.224  -94.526   18.433  -94.662   18.582  -94.778   18.592  -94.914
   18.662  -95.040   18.771  -95.208   18.771  -95.449   18.811  -95.659
   18.910  -95.858   19.059  -95.921   19.118  -96.047   19.187  -96.057
   19.286  -96.162   19.375  -96.267   19.464  -96.256   19.573  -96.340
   19.721  -96.351   19.919  -96.424   20.116  -96.561   20.313  -96.781
   20.490  -96.938   20.607  -97.095   20.745  -97.127   20.911  -97.242
   21.273  -97.379   21.478  -97.263   21.605  -97.316   21.829  -97.546
   22.006  -97.650   21.999  -97.580   21.999  -97.116   21.999  -96.345
   21.999  -95.448   21.999  -94.498   21.999  -93.769   21.999  -92.365
   21.999  -91.489   21.999  -90.760   21.999  -90.159
B00000 Southwest_Gulf                    2375  -9442   1
<NAME>SWG_N
 112                 21.996   25.007  -97.851  -89.995   22.005  -97.649
   22.170  -97.746   22.374  -97.777   22.558  -97.851   22.819  -97.714
   22.973  -97.714   23.282  -97.746   23.446  -97.735   23.667  -97.693
   23.792  -97.704   23.974  -97.693   24.309  -97.672   24.586  -97.620
   24.767  -97.578   24.929  -97.536   25.007  -97.517   24.999  -97.279
   24.999  -96.966   24.999  -96.671   24.999  -96.265   24.999  -95.970
   24.999  -95.648   24.999  -95.307   24.999  -95.030   24.999  -94.661
   24.999  -94.164   24.999  -93.786   24.999  -93.463   24.999  -93.030
   24.999  -92.671   24.999  -92.265   24.999  -91.629   24.999  -91.122
   24.999  -90.836   24.999  -90.634   24.999  -90.348   24.999  -90.118
   24.993  -90.005   24.519  -89.995   24.091  -89.995   23.579  -89.995
   22.983  -89.995   22.217  -89.995   21.996  -90.000   21.999  -90.000
   21.999  -90.159   21.999  -90.760   21.999  -91.489   21.999  -92.365
   21.999  -93.769   21.999  -94.498   21.999  -95.448   21.999  -96.345
   21.999  -97.116   21.999  -97.580   22.006  -97.650
B00000 Northwest_Gulf                    2673  -9354   1
<NAME>NWG_ENTIRE
 144                 24.987   28.795  -97.519  -89.995   24.999  -90.118
   24.999  -90.348   24.999  -90.634   24.999  -90.836   24.999  -91.122
   24.999  -91.629   24.999  -92.265   24.999  -92.671   24.999  -93.030
   24.999  -93.463   24.999  -93.786   24.999  -94.164   24.999  -94.661
   24.999  -95.030   24.999  -95.307   24.999  -95.648   24.999  -95.970
   24.999  -96.265   24.999  -96.671   24.999  -96.966   24.999  -97.279
   25.007  -97.519   25.232  -97.417   25.466  -97.270   25.765  -97.150
   25.956  -97.122   25.947  -96.837   25.947  -96.468   25.956  -96.182
   26.113  -96.173   26.435  -96.219   26.781  -96.302   27.020  -96.385
   27.274  -96.228   27.372  -96.062   27.552  -95.777   27.642  -95.666
   27.756  -95.371   27.846  -95.196   27.952  -94.993   28.049  -94.836
   28.171  -94.643   28.342  -94.431   28.463  -94.237   28.642  -93.933
   28.706  -93.629   28.795  -93.436   28.771  -93.279   28.714  -93.150
   28.642  -92.919   28.577  -92.532   28.553  -92.348   28.512  -92.256
   28.463  -92.053   28.439  -91.878   28.350  -91.657   28.228  -91.463
   28.131  -91.279   28.074  -91.039   28.058  -90.809   28.066  -90.551
   28.074  -90.283   28.106  -90.071   28.115  -89.999   28.115  -89.999
   28.048  -89.995   27.889  -89.995   27.500  -90.005   26.958  -90.005
   25.695  -90.005   24.991  -90.005   24.987  -90.005
B00000 Northwest_Gulf                    2619  -9595   1
<NAME>NWG_W
  72                 24.999   27.950  -97.519  -94.997   24.999  -94.997
   24.999  -95.030   24.999  -95.307   24.999  -95.648   24.999  -95.970
   24.999  -96.265   24.999  -96.671   24.999  -96.966   24.999  -97.279
   25.007  -97.519   25.232  -97.417   25.466  -97.270   25.765  -97.150
   25.956  -97.122   25.947  -96.836   25.947  -96.468   25.956  -96.182
   26.113  -96.173   26.435  -96.219   26.781  -96.302   27.020  -96.385
   27.274  -96.228   27.372  -96.062   27.552  -95.777   27.642  -95.666
   27.756  -95.371   27.846  -95.196   27.950  -94.997   27.900  -94.997
   27.658  -94.997   27.298  -94.997   26.970  -94.997   26.600  -94.997
   26.050  -94.997   25.421  -94.997   25.106  -94.997
B00000 Northwest_Gulf                    2700  -9255   1
<NAME>NWG_E
 114                 24.987   28.795  -94.997  -89.995   24.999  -94.997
   24.999  -94.661   24.999  -94.164   24.999  -93.786   24.999  -93.463
   24.999  -93.030   24.999  -92.671   24.999  -92.265   24.999  -91.629
   24.999  -91.122   24.999  -90.836   24.999  -90.634   24.999  -90.348
   24.999  -90.118   24.987  -90.005   24.991  -90.005   25.695  -90.005
   26.958  -90.005   27.500  -90.005   27.889  -89.995   28.048  -89.995
   28.115  -89.999   28.115  -89.999   28.106  -90.071   28.074  -90.283
   28.066  -90.551   28.058  -90.809   28.074  -91.039   28.131  -91.279
   28.228  -91.463   28.350  -91.657   28.439  -91.878   28.463  -92.053
   28.512  -92.256   28.553  -92.348   28.577  -92.532   28.642  -92.919
   28.714  -93.150   28.771  -93.279   28.795  -93.436   28.706  -93.629
   28.642  -93.933   28.463  -94.237   28.342  -94.431   28.171  -94.643
   28.049  -94.836   27.955  -94.988   27.950  -94.997   27.900  -94.997
   27.658  -94.997   27.298  -94.997   26.970  -94.997   26.600  -94.997
   26.050  -94.997   25.421  -94.997   25.106  -94.997   24.999  -94.997
B00000 MNAMEdle_Gulf                       2504  -8747   1
<NAME>MG_ENTIRE
 250                 21.101   29.404  -90.005  -85.003   28.592  -85.044
   28.614  -85.185   28.631  -85.298   28.678  -85.444   28.704  -85.561
   28.751  -85.727   28.802  -85.844   28.875  -85.947   28.978  -86.069
   29.059  -86.152   29.182  -86.235   29.289  -86.284   29.357  -86.381
   29.404  -86.552   29.395  -86.709   29.374  -86.870   29.344  -87.041
   29.319  -87.226   29.302  -87.353   29.268  -87.519   29.246  -87.690
   29.225  -87.866   29.199  -88.002   29.110  -88.002   28.969  -88.022
   28.879  -88.051   28.798  -88.090   28.704  -88.124   28.605  -88.183
   28.507  -88.237   28.447  -88.286   28.395  -88.349   28.296  -88.427
   28.210  -88.520   28.128  -88.647   28.072  -88.754   28.038  -88.842
   28.008  -89.013   27.973  -89.130   27.947  -89.291   27.947  -89.453
   27.943  -89.565   27.978  -89.716   28.025  -89.824   28.107  -89.975
   28.115  -89.999   28.048  -89.995   27.889  -89.995   27.500  -90.005
   26.958  -90.005   25.695  -90.005   24.991  -90.005   24.519  -89.995
   24.091  -89.995   23.579  -89.995   22.983  -89.995   22.217  -89.995
   21.745  -90.005   21.392  -90.005   21.224  -90.005   21.190  -90.002
   21.238  -89.914   21.293  -89.758   21.308  -89.610   21.320  -89.496
   21.348  -89.361   21.363  -89.183   21.395  -89.015   21.426  -88.863
   21.450  -88.791   21.454  -88.715   21.528  -88.631   21.560  -88.567
   21.583  -88.441   21.575  -88.339   21.564  -88.268   21.603  -88.196
   21.634  -88.116   21.615  -88.023   21.603  -87.938   21.552  -87.736
   21.528  -87.601   21.505  -87.474   21.552  -87.419   21.607  -87.314
   21.595  -87.259   21.634  -87.119   21.611  -87.005   21.532  -86.942
   21.466  -86.828   21.367  -86.790   21.297  -86.803   21.178  -86.782
   21.159  -86.735   21.104  -86.731   21.108  -86.651   21.112  -86.588
   21.101  -86.581   21.178  -86.427   21.277  -86.177   21.420  -85.844
   21.545  -85.563   21.659  -85.286   21.736  -85.111   21.781  -85.132
   21.883  -85.156   22.007  -85.120   22.075  -85.046   22.109  -85.003
   22.231  -85.003   22.765  -85.003   23.172  -85.003   23.714  -85.003
   24.242  -85.003   24.757  -85.003   25.436  -85.003   25.957  -85.003
   26.541  -85.003   27.134  -85.003   27.505  -85.003   27.843  -85.003
   28.125  -85.003   28.353  -85.003   28.515  -85.003   28.599  -85.004
B00000 MNAMEdle_Gulf                       2226  -8754   1
<NAME>MG_S
 146                 21.101   25.005  -90.005  -85.003   24.999  -85.003
   24.757  -85.003   24.242  -85.003   23.714  -85.003   23.172  -85.003
   22.765  -85.003   22.231  -85.003   22.109  -85.003   22.075  -85.046
   22.007  -85.120   21.883  -85.156   21.781  -85.132   21.736  -85.111
   21.659  -85.286   21.545  -85.563   21.420  -85.844   21.277  -86.177
   21.178  -86.427   21.101  -86.581   21.112  -86.588   21.108  -86.651
   21.104  -86.731   21.159  -86.735   21.178  -86.782   21.297  -86.803
   21.367  -86.790   21.466  -86.828   21.532  -86.942   21.611  -87.005
   21.634  -87.119   21.595  -87.259   21.607  -87.314   21.552  -87.419
   21.505  -87.474   21.528  -87.601   21.552  -87.736   21.603  -87.938
   21.615  -88.023   21.634  -88.116   21.603  -88.196   21.564  -88.268
   21.575  -88.339   21.583  -88.441   21.560  -88.567   21.528  -88.631
   21.454  -88.715   21.450  -88.791   21.426  -88.863   21.395  -89.015
   21.363  -89.183   21.348  -89.361   21.320  -89.496   21.308  -89.610
   21.293  -89.758   21.238  -89.914   21.190  -90.002   21.224  -90.005
   21.392  -90.005   21.745  -90.005   22.217  -89.995   22.983  -89.995
   23.579  -89.995   24.091  -89.995   24.519  -89.995   24.991  -90.005
   25.005  -90.005   25.005  -89.945   25.005  -89.511   25.005  -88.631
   25.005  -87.515   25.005  -86.481   25.005  -85.422   25.005  -85.103
B00000 MNAMEdle_Gulf                       2784  -8740   1
<NAME>MG_N
 144                 24.999   29.404  -90.005  -85.003   25.002  -85.003
   25.436  -85.003   25.957  -85.003   26.541  -85.003   27.134  -85.003
   27.505  -85.003   27.843  -85.003   28.125  -85.003   28.353  -85.003
   28.515  -85.003   28.599  -85.004   28.592  -85.044   28.614  -85.185
   28.631  -85.298   28.678  -85.444   28.704  -85.561   28.751  -85.727
   28.802  -85.844   28.875  -85.947   28.978  -86.069   29.059  -86.152
   29.182  -86.235   29.289  -86.284   29.357  -86.381   29.404  -86.552
   29.395  -86.709   29.374  -86.870   29.344  -87.041   29.319  -87.226
   29.302  -87.353   29.268  -87.519   29.246  -87.690   29.225  -87.866
   29.199  -88.002   29.110  -88.002   28.969  -88.022   28.879  -88.051
   28.798  -88.090   28.704  -88.124   28.605  -88.183   28.507  -88.237
   28.447  -88.286   28.395  -88.349   28.296  -88.427   28.210  -88.520
   28.128  -88.647   28.072  -88.754   28.038  -88.842   28.008  -89.013
   27.973  -89.130   27.947  -89.291   27.947  -89.453   27.943  -89.565
   27.978  -89.716   28.025  -89.824   28.107  -89.975   28.115  -89.999
   28.048  -89.995   27.889  -89.995   27.500  -90.005   26.958  -90.005
   25.695  -90.005   25.002  -90.005   25.005  -90.005   25.005  -89.945
   25.005  -89.511   25.005  -88.631   25.005  -87.515   25.005  -86.481
   25.005  -85.422   25.005  -85.103   24.999  -85.003
B00000 East_Gulf                         2491  -8329   1
<NAME>EG_ENTIRE
 162                 22.094   28.877  -85.004  -80.998   23.271  -80.998
   23.311  -81.003   23.399  -80.998   23.482  -80.998   23.566  -80.998
   23.649  -80.998   23.698  -80.998   23.674  -81.075   23.657  -81.185
   23.590  -81.406   23.556  -81.865   23.539  -82.306   23.590  -82.710
   23.640  -83.041   23.775  -83.243   24.379  -83.298   24.730  -83.262
   24.946  -83.096   24.930  -82.692   24.930  -82.343   24.913  -82.269
   25.146  -82.416   25.412  -82.600   25.628  -82.692   25.743  -82.876
   25.942  -83.023   26.140  -83.151   26.420  -83.243   26.667  -83.390
   26.929  -83.555   27.109  -83.647   27.403  -83.758   27.599  -83.831
   27.859  -83.849   28.151  -83.868   28.345  -83.849   28.458  -83.813
   28.668  -83.960   28.877  -84.162   28.797  -84.346   28.652  -84.658
   28.603  -84.988   28.599  -85.004   28.515  -85.003   28.353  -85.003
   28.125  -85.003   27.843  -85.003   27.505  -85.003   27.134  -85.003
   26.541  -85.003   25.957  -85.003   25.436  -85.003   24.757  -85.003
   24.242  -85.003   23.714  -85.003   23.172  -85.003   22.765  -85.003
   22.231  -85.003   22.094  -85.003   22.117  -84.893   22.151  -84.745
   22.196  -84.634   22.344  -84.622   22.526  -84.499   22.753  -84.253
   22.867  -84.056   22.969  -83.810   23.082  -83.528   23.184  -83.306
   23.206  -83.048   23.217  -82.802   23.251  -82.605   23.364  -82.396
   23.387  -82.101   23.376  -81.892   23.353  -81.683   23.353  -81.499
   23.342  -81.363   23.376  -81.277   23.319  -81.117   23.274  -81.043
B00000 East_Gulf                         2364  -8294   1
<NAME>EG_S
 116                 22.094   25.004  -85.003  -80.998   24.913  -82.269
   24.930  -82.343   24.930  -82.692   24.946  -83.096   24.730  -83.262
   24.379  -83.298   23.775  -83.243   23.640  -83.041   23.590  -82.710
   23.539  -82.306   23.556  -81.865   23.590  -81.406   23.657  -81.185
   23.674  -81.075   23.698  -80.998   23.649  -80.998   23.566  -80.998
   23.482  -80.998   23.399  -80.998   23.311  -81.003   23.271  -80.998
   23.274  -81.043   23.319  -81.117   23.376  -81.277   23.342  -81.363
   23.353  -81.499   23.353  -81.683   23.376  -81.892   23.387  -82.101
   23.364  -82.396   23.251  -82.605   23.217  -82.802   23.206  -83.048
   23.184  -83.306   23.082  -83.528   22.969  -83.810   22.867  -84.056
   22.753  -84.253   22.526  -84.499   22.344  -84.622   22.196  -84.634
   22.151  -84.745   22.117  -84.893   22.094  -85.003   22.231  -85.003
   22.765  -85.003   23.172  -85.003   23.714  -85.003   24.242  -85.003
   24.757  -85.003   25.004  -85.003   25.004  -84.889   25.004  -84.426
   25.004  -83.938   25.004  -83.488   25.004  -83.000   25.004  -82.589
   25.004  -82.319
B00000 East_Gulf                         2674  -8396   1
<NAME>EG_N
  82                 24.999   28.877  -85.004  -82.317   25.004  -85.003
   25.004  -84.889   25.004  -84.426   25.004  -83.938   25.004  -83.488
   25.004  -83.000   25.004  -82.589   25.004  -82.319   24.999  -82.317
   25.146  -82.416   25.412  -82.600   25.628  -82.692   25.743  -82.876
   25.942  -83.023   26.140  -83.151   26.420  -83.243   26.667  -83.390
   26.929  -83.555   27.109  -83.647   27.403  -83.758   27.599  -83.831
   27.859  -83.849   28.151  -83.868   28.345  -83.849   28.458  -83.813
   28.668  -83.960   28.877  -84.162   28.797  -84.346   28.652  -84.658
   28.603  -84.988   28.599  -85.004   28.515  -85.003   28.353  -85.003
   28.125  -85.003   27.843  -85.003   27.505  -85.003   27.134  -85.003
   26.541  -85.003   25.957  -85.003   25.436  -85.003   25.004  -85.003

