B00000 WA_WATERS_ENTIRE                  4699 -12780   1
<NAME>WA_WATERS_ENTIRE
 184                 45.330   48.510 -131.100 -125.390   48.510 -126.230
   48.510 -126.250   48.510 -126.500   48.510 -126.750   48.510 -127.000
   48.510 -127.250   48.510 -127.500   48.510 -127.750   48.510 -128.000
   48.510 -128.250   48.510 -128.500   48.510 -128.750   48.510 -129.000
   48.510 -129.250   48.510 -129.500   48.510 -129.750   48.510 -130.000
   48.510 -130.250   48.510 -130.500   48.510 -130.750   48.510 -131.000
   48.510 -131.100   48.390 -131.090   48.190 -131.050   47.960 -131.030
   47.810 -131.020   47.680 -130.980   47.500 -130.940   47.310 -130.880
   47.100 -130.760   46.920 -130.690   46.730 -130.570   46.590 -130.500
   46.360 -130.330   46.180 -130.210   46.070 -130.160   45.900 -130.160
   45.550 -130.040   45.450 -130.010   45.330 -130.010   45.340 -130.000
   45.340 -129.750   45.340 -129.500   45.340 -129.250   45.340 -129.000
   45.340 -128.750   45.340 -128.500   45.340 -128.250   45.340 -128.000
   45.340 -127.750   45.340 -127.500   45.340 -127.250   45.340 -127.000
   45.340 -126.750   45.340 -126.500   45.340 -126.250   45.340 -126.000
   45.340 -125.750   45.340 -125.500   45.340 -125.420   45.450 -125.410
   45.630 -125.390   45.770 -125.410   45.910 -125.400   45.980 -125.450
   46.110 -125.470   46.180 -125.520   46.320 -125.510   46.450 -125.510
   46.560 -125.510   46.640 -125.550   46.700 -125.560   46.800 -125.600
   46.940 -125.620   47.030 -125.690   47.090 -125.740   47.180 -125.740
   47.240 -125.760   47.310 -125.810   47.370 -125.860   47.430 -125.930
   47.540 -126.020   47.640 -126.080   47.730 -126.080   47.830 -126.170
   47.950 -126.190   48.090 -126.210   48.200 -126.240   48.290 -126.220
   48.380 -126.220   48.500 -126.220   48.510 -126.230
B00000 WA_WATERS_NE                 4769 -12684   1
<NAME>WA_WATERS_NE
  98                 46.910   48.510 -128.590 -125.620   48.510 -126.230
   48.510 -126.250   48.510 -126.500   48.510 -126.750   48.510 -127.000
   48.510 -127.250   48.510 -127.500   48.510 -127.750   48.510 -128.000
   48.510 -128.250   48.510 -128.590   48.500 -128.590   48.250 -128.530
   48.000 -128.470   47.750 -128.410   47.500 -128.350   47.250 -128.290
   47.000 -128.230   46.910 -128.200   46.910 -128.000   46.910 -127.750
   46.910 -127.500   46.910 -127.250   46.910 -127.000   46.910 -126.750
   46.910 -126.500   46.910 -126.250   46.910 -126.000   46.910 -125.750
   46.910 -125.620   46.940 -125.620   47.030 -125.690   47.090 -125.740
   47.180 -125.740   47.240 -125.760   47.310 -125.810   47.370 -125.860
   47.430 -125.930   47.540 -126.020   47.640 -126.080   47.730 -126.080
   47.830 -126.170   47.950 -126.190   48.090 -126.210   48.200 -126.240
   48.290 -126.220   48.380 -126.220   48.500 -126.220   48.510 -126.230

B00000 WA_WATERS_SE                 4614 -12654   1
<NAME>WA_WATERS_SE
  88                 45.340   46.910 -128.200 -125.390   46.800 -125.600
   46.910 -125.600   46.910 -125.850   46.910 -126.100   46.910 -126.350
   46.910 -126.600   46.910 -126.850   46.910 -127.100   46.910 -127.350
   46.910 -127.600   46.910 -127.850   46.910 -128.100   46.910 -128.200
   46.660 -128.140   46.410 -128.080   46.160 -128.020   45.910 -127.960
   45.660 -127.900   45.410 -127.840   45.340 -127.800   45.340 -127.750
   45.340 -127.500   45.340 -127.250   45.340 -127.000   45.340 -126.750
   45.340 -126.500   45.340 -126.250   45.340 -126.000   45.340 -125.750
   45.340 -125.500   45.340 -125.420   45.450 -125.410   45.630 -125.390
   45.770 -125.410   45.910 -125.400   45.980 -125.450   46.110 -125.470
   46.180 -125.520   46.320 -125.510   46.450 -125.510   46.560 -125.510
   46.640 -125.550   46.700 -125.560   46.800 -125.600
B00000 WA_WATERS_SW                 4618 -12930   1
<NAME>WA_WATERS_SW
  78                 45.330   46.920 -130.690 -127.800   46.910 -130.690
   46.920 -130.690   46.730 -130.570   46.590 -130.500   46.360 -130.330
   46.180 -130.210   46.070 -130.160   45.900 -130.160   45.550 -130.040
   45.450 -130.010   45.330 -130.010   45.340 -130.000   45.340 -129.750
   45.340 -129.500   45.340 -129.250   45.340 -129.000   45.340 -128.750
   45.340 -128.500   45.340 -128.250   45.340 -128.000   45.340 -127.800
   45.500 -127.860   45.750 -127.920   46.000 -127.980   46.250 -128.040
   46.500 -128.100   46.750 -128.160   46.910 -128.200   46.910 -128.250
   46.910 -128.500   46.910 -128.750   46.910 -129.000   46.910 -129.250
   46.910 -129.500   46.910 -129.750   46.910 -130.000   46.910 -130.250
   46.910 -130.500   46.910 -130.690
B00000 WA_WATERS_NW                 4774 -12972   1
<NAME>WA_WATERS_NW
  80                 46.910   48.510 -131.100 -128.200   48.510 -128.650
   48.510 -128.750   48.510 -129.000   48.510 -129.250   48.510 -129.500
   48.510 -129.750   48.510 -130.000   48.510 -130.250   48.510 -130.500
   48.510 -130.750   48.510 -131.000   48.510 -131.100   48.390 -131.090
   48.190 -131.050   47.960 -131.030   47.810 -131.020   47.680 -130.980
   47.500 -130.940   47.310 -130.880   47.100 -130.760   46.920 -130.690
   46.910 -130.690   46.910 -130.500   46.910 -130.250   46.910 -130.000
   46.910 -129.750   46.910 -129.500   46.910 -129.250   46.910 -129.000
   46.910 -128.750   46.910 -128.500   46.910 -128.200   47.000 -128.230
   47.250 -128.290   47.500 -128.350   47.750 -128.410   48.000 -128.470
   48.250 -128.530   48.500 -128.590   48.510 -128.650
B00000 OR_WATERS_ENTIRE                  4350 -12746   1
<NAME>OR_WATERS_ENTIRE
 308                 41.780   45.340 -130.350 -125.390   45.330 -130.010
   45.240 -130.010   45.090 -130.040   44.990 -130.060   44.900 -130.040
   44.830 -130.030   44.700 -130.030   44.580 -130.040   44.500 -130.040
   44.400 -130.040   44.320 -130.070   44.220 -130.090   44.090 -130.130
   44.000 -130.160   43.940 -130.180   43.850 -130.180   43.770 -130.210
   43.670 -130.230   43.550 -130.260   43.420 -130.280   43.330 -130.300
   43.240 -130.310   43.160 -130.330   43.070 -130.330   42.980 -130.350
   42.910 -130.330   42.830 -130.330   42.750 -130.330   42.640 -130.300
   42.480 -130.280   42.410 -130.250   42.320 -130.240   42.240 -130.220
   42.170 -130.200   42.100 -130.190   42.020 -130.150   41.950 -130.120
   41.880 -130.090   41.830 -130.070   41.800 -130.070   41.780 -130.070
   41.780 -130.040   41.780 -130.000   41.780 -129.750   41.780 -129.500
   41.780 -129.250   41.780 -129.000   41.780 -128.750   41.780 -128.500
   41.780 -128.250   41.780 -128.000   41.780 -127.750   41.780 -127.500
   41.780 -127.250   41.780 -127.000   41.780 -126.750   41.780 -126.500
   41.780 -126.250   41.780 -126.000   41.780 -125.750   41.780 -125.630
   41.790 -125.630   41.840 -125.660   41.890 -125.670   41.940 -125.700
   41.990 -125.700   42.040 -125.730   42.080 -125.730   42.140 -125.740
   42.180 -125.740   42.230 -125.760   42.270 -125.770   42.300 -125.770
   42.380 -125.780   42.430 -125.800   42.460 -125.810   42.500 -125.840
   42.530 -125.840   42.570 -125.860   42.620 -125.860   42.660 -125.880
   42.720 -125.880   42.780 -125.890   42.820 -125.910   42.850 -125.910
   42.890 -125.910   42.970 -125.900   43.000 -125.870   43.030 -125.870
   43.060 -125.870   43.100 -125.840   43.160 -125.830   43.220 -125.800
   43.260 -125.790   43.290 -125.760   43.340 -125.770   43.370 -125.780
   43.420 -125.760   43.450 -125.740   43.490 -125.750   43.540 -125.720
   43.590 -125.690   43.640 -125.690   43.690 -125.680   43.740 -125.640
   43.800 -125.600   43.840 -125.560   43.880 -125.540   43.950 -125.540
   44.040 -125.520   44.130 -125.520   44.180 -125.520   44.270 -125.500
   44.400 -125.520   44.460 -125.480   44.520 -125.480   44.560 -125.480
   44.620 -125.470   44.670 -125.470   44.760 -125.480   44.800 -125.480
   44.830 -125.460   44.870 -125.490   44.910 -125.490   44.960 -125.460
   45.030 -125.450   45.080 -125.420   45.130 -125.410   45.170 -125.410
   45.190 -125.400   45.250 -125.390   45.300 -125.390   45.340 -125.400
   45.340 -125.500   45.340 -125.750   45.340 -126.000   45.340 -126.250
   45.340 -126.500   45.340 -126.750   45.340 -127.000   45.340 -127.250
   45.340 -127.500   45.340 -127.750   45.340 -128.000   45.340 -128.250
   45.340 -128.500   45.340 -128.750   45.340 -129.000   45.340 -129.250
   45.340 -129.500   45.340 -129.750   45.330 -129.960   45.330 -130.000
   45.330 -130.020
B00000 OR_WATERS_NE                 4460 -12624   1
<NAME> OR_WATERS_NE
 112                 43.750   45.340 -128.000 -125.390   43.800 -125.600
   43.840 -125.560   43.880 -125.540   43.950 -125.540   44.040 -125.520
   44.130 -125.520   44.180 -125.520   44.270 -125.500   44.400 -125.520
   44.460 -125.480   44.520 -125.480   44.560 -125.480   44.620 -125.470
   44.670 -125.470   44.760 -125.480   44.800 -125.480   44.830 -125.460
   44.870 -125.490   44.910 -125.490   44.960 -125.460   45.030 -125.450
   45.080 -125.420   45.130 -125.410   45.170 -125.410   45.190 -125.400
   45.250 -125.390   45.300 -125.390   45.340 -125.400   45.340 -125.500
   45.340 -125.750   45.340 -126.000   45.340 -126.250   45.340 -126.500
   45.340 -126.750   45.340 -127.000   45.340 -127.250   45.340 -127.500
   45.340 -127.750   45.340 -128.000   45.250 -128.000   45.000 -128.000
   44.750 -128.000   44.500 -128.000   44.250 -128.000   44.000 -128.000
   43.750 -128.000   43.750 -127.750   43.750 -127.500   43.750 -127.250
   43.750 -127.000   43.750 -126.750   43.750 -126.500   43.750 -126.250
   43.750 -126.000   43.750 -125.750   43.750 -125.600
B00000 OR_WATERS_SE                 4275 -12630   1
<NAME> OR_WATERS_SE
 144                 41.780   43.750 -128.000 -125.630   41.780 -127.750
   41.780 -127.500   41.780 -127.250   41.780 -127.000   41.780 -126.750
   41.780 -126.500   41.780 -126.250   41.780 -126.000   41.780 -125.750
   41.780 -125.630   41.790 -125.630   41.840 -125.660   41.890 -125.670
   41.940 -125.700   41.990 -125.700   42.040 -125.730   42.080 -125.730
   42.140 -125.740   42.180 -125.740   42.230 -125.760   42.270 -125.770
   42.300 -125.770   42.380 -125.780   42.430 -125.800   42.460 -125.810
   42.500 -125.840   42.530 -125.840   42.570 -125.860   42.620 -125.860
   42.660 -125.880   42.720 -125.880   42.780 -125.890   42.820 -125.910
   42.850 -125.910   42.890 -125.910   42.970 -125.900   43.000 -125.870
   43.030 -125.870   43.060 -125.870   43.100 -125.840   43.160 -125.830
   43.220 -125.800   43.260 -125.790   43.290 -125.760   43.340 -125.770
   43.370 -125.780   43.420 -125.760   43.450 -125.740   43.490 -125.750
   43.540 -125.720   43.590 -125.690   43.640 -125.690   43.690 -125.680
   43.740 -125.640   43.750 -125.750   43.750 -126.000   43.750 -126.250
   43.750 -126.500   43.750 -126.750   43.750 -127.000   43.750 -127.250
   43.750 -127.500   43.750 -127.750   43.750 -128.000   43.500 -128.000
   43.250 -128.000   43.000 -128.000   42.750 -128.000   42.500 -128.000
   42.250 -128.000   42.000 -128.000   41.780 -128.000
B00000 OR_WATERS_SW                 4270 -12950   1
<NAME> OR_WATERS_SW
 104                 41.780   43.750 -130.350 -128.000   43.670 -130.230
   43.550 -130.260   43.420 -130.280   43.330 -130.300   43.240 -130.310
   43.160 -130.330   43.070 -130.330   42.980 -130.350   42.910 -130.330
   42.830 -130.330   42.750 -130.330   42.640 -130.300   42.480 -130.280
   42.410 -130.250   42.320 -130.240   42.240 -130.220   42.170 -130.200
   42.100 -130.190   42.020 -130.150   41.950 -130.120   41.880 -130.090
   41.830 -130.070   41.800 -130.070   41.780 -130.070   41.780 -130.040
   41.780 -130.000   41.780 -129.750   41.780 -129.500   41.780 -129.250
   41.780 -129.000   41.780 -128.750   41.780 -128.500   41.780 -128.250
   41.780 -128.000   42.000 -128.000   42.250 -128.000   42.500 -128.000
   42.750 -128.000   43.000 -128.000   43.250 -128.000   43.500 -128.000
   43.750 -128.000   43.750 -128.250   43.750 -128.500   43.750 -128.750
   43.750 -129.000   43.750 -129.250   43.750 -129.500   43.750 -129.750
   43.750 -130.000   43.750 -130.250   43.750 -130.230
B00000 OR_WATERS_NW                 4456 -12935   1
<NAME> OR_WATERS_NW
  88                 43.750   45.340 -130.210 -128.000   45.330 -130.010
   45.240 -130.010   45.090 -130.040   44.990 -130.060   44.900 -130.040
   44.830 -130.030   44.700 -130.030   44.580 -130.040   44.500 -130.040
   44.400 -130.040   44.320 -130.070   44.220 -130.090   44.090 -130.130
   44.000 -130.160   43.940 -130.180   43.850 -130.180   43.770 -130.210
   43.750 -130.210   43.750 -130.000   43.750 -129.750   43.750 -129.500
   43.750 -129.250   43.750 -129.000   43.750 -128.750   43.750 -128.500
   43.750 -128.250   43.750 -128.000   44.000 -128.000   44.250 -128.000
   44.500 -128.000   44.750 -128.000   45.000 -128.000   45.250 -128.000
   45.340 -128.000   45.340 -128.250   45.340 -128.500   45.340 -128.750
   45.340 -129.000   45.340 -129.250   45.340 -129.500   45.340 -129.750
   45.330 -129.960   45.330 -130.000   45.330 -130.020
B00000 NCA_WATERS_ENTIRE                 4035 -12730   1
<NAME>NCA_WATERS_ENTIRE
 156                 38.490   41.780 -130.060 -125.020   41.780 -125.620
   41.780 -125.750   41.780 -126.000   41.780 -126.250   41.780 -126.500
   41.780 -126.750   41.780 -127.000   41.780 -127.250   41.780 -127.500
   41.780 -127.750   41.780 -128.000   41.780 -128.250   41.780 -128.500
   41.780 -128.750   41.780 -129.000   41.780 -129.250   41.780 -129.500
   41.780 -129.750   41.780 -130.000   41.780 -130.060   41.660 -130.060
   41.530 -129.990   41.350 -129.920   41.220 -129.880   41.050 -129.900
   40.880 -129.930   40.780 -129.960   40.590 -129.960   40.310 -129.940
   40.050 -129.890   39.780 -129.830   39.530 -129.750   39.280 -129.650
   38.760 -129.410   38.600 -129.310   38.490 -129.250   38.520 -129.000
   38.540 -128.750   38.570 -128.500   38.590 -128.250   38.620 -128.000
   38.650 -127.750   38.670 -127.500   38.700 -127.250   38.720 -127.000
   38.750 -126.750   38.780 -126.500   38.800 -126.250   38.830 -126.000
   38.850 -125.750   38.880 -125.500   38.910 -125.250   38.910 -125.020
   38.940 -125.020   39.090 -125.040   39.160 -125.080   39.260 -125.080
   39.420 -125.090   39.550 -125.260   39.710 -125.400   39.780 -125.510
   39.890 -125.550   39.950 -125.610   40.070 -125.610   40.180 -125.660
   40.330 -125.690   40.510 -125.710   40.670 -125.680   40.840 -125.620
   41.020 -125.550   41.110 -125.470   41.190 -125.490   41.350 -125.440
   41.480 -125.520   41.570 -125.520   41.690 -125.560   41.780 -125.650
   41.780 -125.620
B00000 NCA_WATERS_NE                     4108 -12645   1
<NAME>NCA_WATERS_NE
  72                 40.300   41.780 -127.830 -125.440   41.780 -125.750
   41.780 -126.000   41.780 -126.250   41.780 -126.500   41.780 -126.750
   41.780 -127.000   41.780 -127.250   41.780 -127.500   41.780 -127.750
   41.780 -127.830   41.500 -127.730   41.250 -127.680   41.000 -127.630
   40.750 -127.570   40.500 -127.520   40.300 -127.470   40.300 -127.250
   40.300 -127.000   40.300 -126.750   40.300 -126.500   40.300 -126.250
   40.300 -126.000   40.300 -125.750   40.300 -125.690   40.330 -125.690
   40.510 -125.710   40.670 -125.680   40.840 -125.620   41.020 -125.550
   41.110 -125.470   41.190 -125.490   41.350 -125.440   41.480 -125.520
   41.570 -125.520   41.780 -125.620   41.780 -125.750
B00000 NCA_WATERS_SE                     3957 -12619   1
<NAME>NCA_WATERS_SE
  76                 38.700   40.300 -127.470 -125.020   40.300 -125.690
   40.300 -125.750   40.300 -126.000   40.300 -126.250   40.300 -126.500
   40.300 -126.750   40.300 -127.000   40.300 -127.250   40.300 -127.470
   40.250 -127.460   40.000 -127.420   39.750 -127.370   39.500 -127.320
   39.250 -127.270   39.000 -127.210   38.750 -127.130   38.700 -127.110
   38.720 -126.990   38.750 -126.750   38.780 -126.500   38.800 -126.250
   38.830 -126.000   38.850 -125.750   38.880 -125.500   38.910 -125.250
   38.940 -125.020   39.090 -125.040   39.160 -125.080   39.260 -125.080
   39.420 -125.090   39.550 -125.260   39.710 -125.400   39.780 -125.510
   39.890 -125.550   39.950 -125.610   40.070 -125.610   40.180 -125.660
   40.300 -125.690
B00000 NCA_WATERS_SW                     3951 -12837   1
<NAME>NCA_WATERS_SW
  72                 38.490   40.300 -129.920 -127.110   40.300 -127.470
   40.300 -127.500   40.300 -127.750   40.300 -128.000   40.300 -128.250
   40.300 -128.500   40.300 -128.750   40.300 -129.000   40.300 -129.250
   40.300 -129.500   40.300 -129.750   40.290 -129.920   40.050 -129.890
   39.780 -129.830   39.530 -129.750   39.280 -129.650   38.760 -129.410
   38.600 -129.310   38.490 -129.250   38.520 -129.000   38.540 -128.750
   38.570 -128.500   38.590 -128.250   38.620 -128.000   38.650 -127.750
   38.670 -127.500   38.700 -127.250   38.700 -127.110   38.750 -127.130
   39.000 -127.210   39.250 -127.270   39.500 -127.320   39.750 -127.370
   40.000 -127.420   40.250 -127.460   40.300 -127.470
B00000 NCA_WATERS_NW                     4103 -12889   1
<NAME>NCA_WATERS_NW
  76                 40.300   41.780 -130.060 -127.470   41.780 -127.830
   41.780 -128.000   41.780 -128.250   41.780 -128.500   41.780 -128.750
   41.780 -129.000   41.780 -129.250   41.780 -129.500   41.780 -129.750
   41.780 -130.000   41.780 -130.060   41.660 -130.060   41.530 -129.990
   41.350 -129.920   41.220 -129.880   41.050 -129.900   40.880 -129.930
   40.780 -129.960   40.590 -129.960   40.310 -129.940   40.300 -129.940
   40.300 -129.750   40.300 -129.500   40.300 -129.250   40.300 -129.000
   40.300 -128.750   40.300 -128.500   40.300 -128.250   40.300 -128.000
   40.300 -127.750   40.300 -127.500   40.300 -127.470   40.500 -127.520
   40.750 -127.570   41.000 -127.630   41.250 -127.680   41.500 -127.730
   41.780 -127.830
B00000 CCA_WATERS_ENTIRE                    3641 -12521   1
<NAME>CCA_WATERS_ENTIRE
 194                 33.530   38.930 -129.240 -121.760   38.910 -125.000
   38.880 -125.250   38.850 -125.500   38.820 -125.750   38.810 -125.990
   38.780 -126.270   38.760 -126.510   38.740 -126.760   38.710 -127.010
   38.680 -127.260   38.660 -127.520   38.640 -127.770   38.610 -128.030
   38.580 -128.260   38.570 -128.530   38.540 -128.750   38.500 -129.020
   38.480 -129.240   38.370 -129.160   38.270 -129.050   38.040 -128.970
   37.880 -128.910   37.820 -128.910   37.660 -128.820   37.440 -128.680
   37.240 -128.550   36.960 -128.360   36.730 -128.190   36.500 -127.960
   36.350 -127.820   36.020 -127.580   35.870 -127.440   35.660 -127.240
   35.490 -127.090   35.260 -126.950   35.120 -126.820   34.860 -126.660
   34.570 -126.510   34.320 -126.320   34.060 -126.130   33.830 -125.890
   33.660 -125.740   33.530 -125.590   33.570 -125.440   33.610 -125.220
   33.660 -124.990   33.690 -124.750   33.740 -124.500   33.790 -124.250
   33.850 -124.000   33.900 -123.750   33.940 -123.470   33.980 -123.240
   34.020 -122.990   34.060 -122.750   34.100 -122.480   34.150 -122.230
   34.200 -121.990   34.260 -121.760   34.330 -121.810   34.430 -121.840
   34.550 -121.840   34.690 -121.900   34.780 -121.980   34.870 -122.030
   34.980 -122.140   35.080 -122.290   35.260 -122.430   35.410 -122.530
   35.480 -122.600   35.550 -122.710   35.650 -122.830   35.750 -122.900
   35.890 -122.990   36.030 -123.090   36.220 -123.140   36.390 -123.190
   36.600 -123.390   36.710 -123.490   36.900 -123.600   37.060 -123.660
   37.150 -123.670   37.230 -123.790   37.280 -123.920   37.440 -124.060
   37.630 -124.200   37.720 -124.240   37.910 -124.250   38.020 -124.400
   38.230 -124.610   38.340 -124.740   38.440 -124.830   38.590 -124.930
   38.680 -124.980   38.790 -124.990   38.870 -125.030   38.930 -125.000

B00000 CCA_WATERS_NE                        3787 -12503   1
<NAME>CCA_WATERS_NE
  84                 36.750   38.930 -127.010 -123.550   38.930 -125.000
   38.880 -125.250   38.850 -125.500   38.820 -125.750   38.810 -125.990
   38.780 -126.270   38.760 -126.510   38.740 -126.760   38.710 -127.010
   38.500 -126.810   38.250 -126.610   38.000 -126.410   37.750 -126.200
   37.500 -126.000   37.250 -125.800   37.000 -125.600   36.750 -125.420
   36.750 -125.000   36.750 -124.750   36.750 -124.500   36.750 -124.250
   36.750 -124.000   36.750 -123.750   36.750 -123.550   36.900 -123.600
   37.060 -123.660   37.150 -123.670   37.230 -123.790   37.280 -123.920
   37.440 -124.060   37.630 -124.200   37.720 -124.240   37.910 -124.250
   38.020 -124.400   38.230 -124.610   38.340 -124.740   38.440 -124.830
   38.590 -124.930   38.680 -124.980   38.790 -124.990   38.870 -125.030
   38.930 -125.000
B00000 CCA_WATERS_SE                        3540 -12340   1
<NAME>CCA_WATERS_SE
 100                 33.880   36.750 -125.420 -121.760   36.710 -123.490
   36.750 -123.500   36.750 -123.750   36.750 -124.000   36.750 -124.250
   36.750 -124.500   36.750 -124.750   36.750 -125.000   36.750 -125.250
   36.750 -125.420   36.500 -125.280   36.250 -125.140   36.000 -125.000
   35.750 -124.860   35.500 -124.720   35.250 -124.580   35.000 -124.440
   34.750 -124.300   34.500 -124.160   34.250 -124.020   34.000 -123.880
   33.880 -123.790   33.940 -123.470   33.980 -123.240   34.020 -122.990
   34.060 -122.750   34.100 -122.480   34.150 -122.230   34.200 -121.990
   34.260 -121.760   34.330 -121.810   34.430 -121.840   34.550 -121.840
   34.690 -121.900   34.780 -121.980   34.870 -122.030   34.980 -122.140
   35.080 -122.290   35.260 -122.430   35.410 -122.530   35.480 -122.600
   35.550 -122.710   35.650 -122.830   35.750 -122.900   35.890 -122.990
   36.030 -123.090   36.220 -123.140   36.390 -123.190   36.600 -123.390
   36.710 -123.490
B00000 CCA_WATERS_SW                        3538 -12598   1
<NAME>CCA_WATERS_SW
  98                 33.530   36.750 -128.200 -123.790   36.750 -128.200
   36.730 -128.190   36.500 -127.960   36.350 -127.820   36.020 -127.580
   35.870 -127.440   35.660 -127.240   35.490 -127.090   35.260 -126.950
   35.120 -126.820   34.860 -126.660   34.570 -126.510   34.320 -126.320
   34.060 -126.130   33.830 -125.890   33.660 -125.740   33.530 -125.590
   33.570 -125.440   33.610 -125.220   33.660 -124.990   33.690 -124.750
   33.740 -124.500   33.790 -124.250   33.850 -124.000   33.880 -123.790
   34.000 -123.880   34.250 -124.020   34.500 -124.160   34.750 -124.300
   35.000 -124.440   35.250 -124.580   35.500 -124.720   35.750 -124.860
   36.000 -125.000   36.250 -125.140   36.500 -125.280   36.750 -125.420
   36.750 -125.500   36.750 -125.750   36.750 -126.000   36.750 -126.250
   36.750 -126.500   36.750 -126.750   36.750 -127.000   36.750 -127.250
   36.750 -127.500   36.750 -127.750   36.750 -128.000   36.750 -128.200

B00000 CCA_WATERS_NW                        3765 -12747   1
<NAME>CCA_WATERS_NW
  80                 36.750   38.710 -129.240 -125.420   38.710 -127.010
   38.680 -127.260   38.660 -127.520   38.640 -127.770   38.610 -128.030
   38.580 -128.260   38.570 -128.530   38.540 -128.750   38.500 -129.020
   38.480 -129.240   38.370 -129.160   38.270 -129.050   38.040 -128.970
   37.880 -128.910   37.820 -128.910   37.660 -128.820   37.440 -128.680
   37.240 -128.550   36.960 -128.360   36.750 -128.200   36.750 -128.000
   36.750 -127.750   36.750 -127.500   36.750 -127.250   36.750 -127.000
   36.750 -126.750   36.750 -126.500   36.750 -126.250   36.750 -126.000
   36.750 -125.750   36.750 -125.500   36.750 -125.420   37.000 -125.600
   37.250 -125.800   37.500 -126.000   37.750 -126.200   38.000 -126.410
   38.250 -126.610   38.500 -126.810   38.710 -127.010
B00000 SCA_WATERS_ENTIRE                    3152 -12013   1
<NAME>SCA_WATERS_ENTIRE
 164                 29.000   34.260 -125.590 -116.350   34.260 -121.790
   33.540 -125.590   33.440 -125.490   33.240 -125.360   32.990 -125.250
   32.810 -125.130   32.430 -124.850   32.210 -124.700   32.000 -124.480
   31.850 -124.290   31.660 -124.060   31.490 -123.780   31.350 -123.580
   31.170 -123.290   31.020 -123.010   30.940 -122.830   30.800 -122.490
   30.700 -122.150   30.600 -121.840   30.560 -121.620   30.540 -121.480
   30.350 -121.310   30.210 -121.190   30.000 -121.090   29.770 -120.940
   29.550 -120.850   29.280 -120.740   29.010 -120.630   29.000 -120.390
   29.010 -118.340   29.060 -118.400   29.150 -118.400   29.200 -118.330
   29.150 -118.250   29.060 -118.240   29.010 -118.240   29.010 -116.350
   29.170 -116.480   29.410 -116.640   29.560 -116.710   29.740 -116.750
   29.840 -116.840   29.980 -116.940   30.070 -116.980   30.220 -117.000
   30.420 -117.130   30.610 -117.270   30.740 -117.280   30.860 -117.410
   31.050 -117.510   31.170 -117.600   31.360 -117.630   31.460 -117.670
   31.760 -117.840   31.990 -118.000   32.090 -118.060   32.230 -118.100
   32.430 -118.130   32.430 -118.230   32.630 -118.260   32.800 -118.490
   32.840 -118.540   32.940 -118.610   32.990 -118.620   33.030 -118.850
   33.070 -119.020   33.110 -119.260   33.140 -119.460   33.200 -119.670
   33.280 -119.810   33.370 -119.970   33.450 -120.160   33.460 -120.300
   33.450 -120.450   33.450 -120.650   33.530 -120.920   33.630 -121.120
   33.720 -121.280   33.830 -121.430   33.940 -121.570   34.080 -121.690
   34.260 -121.770
B00000 SCA_WATERS_NCNTRL                  3294 -12198   1
<NAME>SCA_WATERS_NCNTRL
 100                 32.000   34.260 -124.480 -120.000   34.260 -121.760
   34.200 -121.990   34.150 -122.230   34.100 -122.480   34.060 -122.750
   34.020 -122.990   33.980 -123.240   33.940 -123.470   33.880 -123.790
   33.570 -123.900   33.250 -124.020   32.940 -124.130   32.630 -124.250
   32.310 -124.360   32.000 -124.480   32.000 -124.250   32.000 -124.000
   32.000 -123.750   32.000 -123.500   32.000 -123.250   32.000 -123.000
   32.000 -122.750   32.000 -122.500   32.000 -122.250   32.000 -122.000
   32.000 -121.750   32.000 -121.500   32.000 -121.250   32.000 -121.000
   32.000 -120.750   32.000 -120.500   32.000 -120.250   32.000 -120.000
   32.250 -120.000   32.500 -120.000   32.750 -120.000   33.000 -120.000
   33.250 -120.000   33.390 -120.000   33.430 -120.160   33.460 -120.300
   33.450 -120.450   33.450 -120.650   33.530 -120.920   33.630 -121.120
   33.720 -121.280   33.830 -121.430   33.940 -121.570   34.080 -121.690
   34.260 -121.760
B00000 SCA_WATERS_0_EOF120                    3075 -11850   1
<NAME>SCA_WATERS_0_EOF120
 146                 29.000   33.390 -120.000 -116.350   33.180 -119.610
   33.260 -119.780   33.330 -119.890   33.390 -119.990   33.000 -120.000
   32.750 -120.000   32.500 -120.000   32.250 -120.000   32.000 -120.000
   31.750 -120.000   31.500 -120.000   31.250 -120.000   31.000 -120.000
   30.750 -120.000   30.500 -120.000   30.250 -120.000   30.000 -120.000
   29.750 -120.000   29.500 -120.000   29.250 -120.000   29.000 -120.000
   29.000 -119.750   29.000 -119.500   29.000 -119.250   29.000 -119.000
   29.000 -118.750   29.000 -118.500   29.000 -118.340   29.060 -118.400
   29.150 -118.400   29.200 -118.330   29.150 -118.250   29.060 -118.240
   29.000 -118.240   29.000 -118.000   29.000 -117.750   29.000 -117.500
   29.000 -117.250   29.000 -117.000   29.000 -116.750   29.000 -116.500
   29.000 -116.350   29.170 -116.480   29.410 -116.640   29.560 -116.710
   29.740 -116.750   29.840 -116.840   29.980 -116.940   30.070 -116.980
   30.220 -117.000   30.420 -117.130   30.610 -117.270   30.740 -117.280
   30.860 -117.410   31.050 -117.510   31.170 -117.600   31.360 -117.630
   31.460 -117.670   31.760 -117.840   31.990 -118.000   32.090 -118.060
   32.230 -118.100   32.430 -118.130   32.430 -118.230   32.630 -118.260
   32.800 -118.490   32.840 -118.540   32.940 -118.610   32.990 -118.620
   33.030 -118.850   33.070 -119.020   33.110 -119.260   33.140 -119.460

B00000 SCA_WATERS_SW                        3100 -12159   1
<NAME>SCA_WATERS_SW
 106                 29.000   32.000 -124.480 -120.000   32.000 -120.000
   32.000 -120.250   32.000 -120.500   32.000 -120.750   32.000 -121.000
   32.000 -121.250   32.000 -121.500   32.000 -121.750   32.000 -122.000
   32.000 -122.250   32.000 -122.500   32.000 -122.750   32.000 -123.000
   32.000 -123.250   32.000 -123.500   32.000 -123.750   32.000 -124.000
   32.000 -124.250   32.000 -124.480   31.850 -124.290   31.660 -124.060
   31.490 -123.780   31.350 -123.580   31.170 -123.290   31.020 -123.010
   30.940 -122.830   30.800 -122.490   30.700 -122.150   30.600 -121.840
   30.560 -121.620   30.540 -121.480   30.350 -121.310   30.210 -121.190
   30.000 -121.090   29.770 -120.940   29.550 -120.850   29.280 -120.740
   29.010 -120.630   29.000 -120.390   29.000 -120.250   29.000 -120.000
   29.250 -120.000   29.500 -120.000   29.750 -120.000   30.000 -120.000
   30.250 -120.000   30.500 -120.000   30.750 -120.000   31.000 -120.000
   31.250 -120.000   31.500 -120.000   31.750 -120.000   32.000 -120.000

B00000 SCA_WATERS_NW                        3322 -12464   1
<NAME>SCA_WATERS_NW
  44                 32.000   33.880 -125.590 -123.790   33.880 -123.790
   33.850 -124.000   33.790 -124.250   33.740 -124.500   33.690 -124.750
   33.660 -124.990   33.610 -125.220   33.570 -125.440   33.530 -125.590
   33.440 -125.490   33.240 -125.360   32.990 -125.250   32.810 -125.130
   32.430 -124.850   32.210 -124.700   32.000 -124.480   32.310 -124.370
   32.630 -124.250   32.940 -124.140   33.250 -124.020   33.570 -123.910
   33.880 -123.790
