B00000 Northwest_Caribbean               1891  -8280   1
<NAME>NWC
 446                 14.997   22.260  -88.448  -74.995   15.420  -83.289
   15.463  -83.361   15.543  -83.563   15.533  -83.672   15.605  -83.717
   15.826  -83.960   16.007  -84.176   16.040  -84.382   16.040  -84.570
   16.139  -84.789   16.192  -84.985   16.152  -85.159   16.103  -85.214
   16.090  -85.430   16.096  -85.512   16.146  -85.591   16.202  -85.769
   16.228  -86.023   16.175  -86.142   16.093  -86.197   16.057  -86.273
   15.984  -86.393   16.001  -86.485   15.991  -86.667   15.984  -86.793
   15.961  -86.889   15.971  -86.999   16.001  -87.177   16.037  -87.314
   16.017  -87.420   16.007  -87.458   16.077  -87.571   16.116  -87.681
   16.110  -87.794   16.093  -87.876   16.021  -88.044   15.932  -88.174
   15.988  -88.270   16.057  -88.386   16.113  -88.448   16.165  -88.373
   16.264  -88.290   16.356  -88.222   16.580  -88.116   16.737  -88.081
   16.822  -88.075   16.957  -88.006   17.111  -88.040   17.071  -87.917
   17.127  -87.794   17.258  -87.715   17.451  -87.571   17.624  -87.605
   17.732  -87.735   17.748  -87.849   17.849  -87.756   18.012  -87.684
   18.178  -87.643   18.240  -87.643   18.347  -87.574   18.542  -87.544
   18.594  -87.540   18.698  -87.465   18.854  -87.420   18.990  -87.403
   19.116  -87.338   19.252  -87.294   19.352  -87.297   19.482  -87.225
   19.640  -87.215   19.753  -87.287   19.869  -87.249   20.007  -87.252
   20.033  -87.273   20.146  -87.239   20.204  -87.194   20.097  -87.119
   20.059  -87.043   20.065  -86.930   20.123  -86.828   20.239  -86.718
   20.377  -86.629   20.518  -86.550   20.643  -86.543   20.743  -86.608
   20.781  -86.694   20.954  -86.626   21.101  -86.581   21.178  -86.427
   21.277  -86.177   21.420  -85.844   21.545  -85.564   21.659  -85.286
   21.736  -85.111   21.729  -85.104   21.666  -85.036   21.624  -84.913
   21.618  -84.782   21.653  -84.683   21.605  -84.628   21.570  -84.546
   21.570  -84.423   21.615  -84.323   21.685  -84.224   21.736  -84.121
   21.714  -84.046   21.758  -83.899   21.863  -83.809   21.968  -83.785
   21.981  -83.638   21.993  -83.583   21.984  -83.440   22.012  -83.313
   22.085  -83.196   22.127  -83.169   22.035  -83.172   21.885  -83.268
   21.777  -83.313   21.678  -83.388   21.519  -83.378   21.325  -83.224
   21.254  -83.063   21.238  -82.881   21.286  -82.645   21.417  -82.408
   21.564  -82.336   21.850  -82.429   22.025  -82.573   22.117  -82.775
   22.260  -82.309   22.136  -82.124   22.031  -81.953   21.981  -81.847
   21.968  -81.733   22.000  -81.624   21.996  -81.535   21.933  -81.470
   21.888  -81.370   21.892  -81.202   21.876  -81.079   21.841  -80.863
   21.853  -80.661   21.857  -80.534   21.790  -80.452   21.691  -80.332
   21.631  -80.192   21.551  -80.089   21.526  -79.969   21.529  -79.866
   21.455  -79.630   21.369  -79.407   21.337  -79.188   21.376  -79.010
   21.404  -78.825   21.344  -78.756   21.143  -78.702   21.012  -78.695
   20.900  -78.647   20.775  -78.445   20.621  -78.280   20.525  -78.130
   20.493  -77.958   20.499  -77.790   20.480  -77.585   20.493  -77.400
   20.496  -77.342   20.454  -77.321   20.348  -77.544   20.216  -77.708
   20.059  -77.855   19.898  -77.941   19.733  -77.910   19.624  -77.722
   19.640  -77.461   19.672  -77.259   19.708  -77.211   19.675  -76.972
   19.724  -76.780   19.740  -76.595   19.759  -76.406   19.801  -76.204
   19.762  -75.968   19.762  -75.769   19.701  -75.639   19.672  -75.437
   19.688  -75.228   19.708  -75.128   19.692  -75.029   19.708  -74.995
   19.708  -74.998   19.349  -74.998   19.010  -74.998   18.500  -74.998
   18.002  -75.002   17.503  -75.002   17.003  -75.002   16.504  -74.998
   16.004  -75.002   15.496  -75.002   15.004  -74.998   15.004  -74.998
   15.004  -75.591   15.001  -75.999   14.997  -76.499   15.004  -76.999
   15.001  -77.496   14.997  -77.996   14.997  -78.503   15.001  -78.996
   15.004  -79.496   15.004  -79.993   15.004  -80.500   15.001  -80.997
   14.997  -81.497   15.001  -81.997   15.004  -82.497   15.001  -82.933
   15.070  -82.946   15.143  -83.004   15.186  -83.073   15.209  -83.138
   15.302  -83.172   15.381  -83.231
B00000 North_Sub_Area                    2106  -8260   1
<NAME>NWC_NSA
 242                 19.997   22.260  -87.273  -77.321   20.001  -87.252
   20.007  -87.252   20.033  -87.273   20.146  -87.239   20.204  -87.194
   20.097  -87.119   20.059  -87.043   20.065  -86.930   20.123  -86.828
   20.239  -86.718   20.377  -86.629   20.518  -86.550   20.643  -86.543
   20.743  -86.608   20.781  -86.694   20.954  -86.626   21.101  -86.581
   21.178  -86.427   21.277  -86.177   21.420  -85.844   21.545  -85.563
   21.659  -85.286   21.736  -85.111   21.729  -85.104   21.666  -85.036
   21.624  -84.913   21.618  -84.782   21.653  -84.683   21.605  -84.628
   21.570  -84.546   21.570  -84.423   21.615  -84.323   21.685  -84.224
   21.736  -84.121   21.714  -84.046   21.758  -83.899   21.863  -83.809
   21.968  -83.785   21.981  -83.638   21.993  -83.583   21.984  -83.440
   22.012  -83.313   22.085  -83.196   22.127  -83.169   22.035  -83.172
   21.885  -83.268   21.777  -83.313   21.678  -83.388   21.519  -83.378
   21.325  -83.224   21.254  -83.063   21.238  -82.881   21.286  -82.645
   21.417  -82.408   21.564  -82.336   21.850  -82.429   22.025  -82.573
   22.117  -82.775   22.260  -82.309   22.136  -82.124   22.031  -81.953
   21.981  -81.847   21.968  -81.733   22.000  -81.624   21.996  -81.535
   21.933  -81.470   21.888  -81.370   21.892  -81.202   21.876  -81.079
   21.841  -80.863   21.853  -80.661   21.857  -80.534   21.790  -80.452
   21.691  -80.332   21.631  -80.192   21.551  -80.089   21.526  -79.969
   21.529  -79.866   21.455  -79.630   21.369  -79.407   21.337  -79.188
   21.376  -79.010   21.404  -78.825   21.344  -78.756   21.143  -78.702
   21.012  -78.695   20.900  -78.647   20.775  -78.445   20.621  -78.280
   20.525  -78.130   20.493  -77.958   20.499  -77.790   20.480  -77.585
   20.493  -77.400   20.496  -77.342   20.454  -77.321   20.348  -77.544
   20.216  -77.708   20.059  -77.855   19.997  -77.888   20.001  -77.890
   19.998  -77.996   20.001  -78.503   19.998  -79.003   19.998  -79.500
   19.998  -79.997   20.001  -80.500   19.998  -81.000   20.001  -81.500
   19.998  -82.004   20.001  -82.501   19.998  -83.004   20.001  -83.501
   19.998  -84.001   19.998  -84.505   19.998  -85.002   20.001  -85.498
   19.998  -85.999   19.998  -86.550   19.998  -87.002   19.998  -87.252

B00000 Central_Sub_Area                  1761  -8293   1
<NAME>NWC_CSA
 300                 14.997   20.004  -88.448  -74.995   19.998  -87.252
   19.998  -87.002   19.998  -86.550   19.998  -85.999   20.001  -85.498
   19.998  -85.002   19.998  -84.505   19.998  -84.001   20.001  -83.501
   19.998  -83.004   20.001  -82.501   19.998  -82.004   20.001  -81.500
   19.998  -81.000   20.001  -80.500   19.998  -79.997   19.998  -79.500
   19.998  -79.003   20.001  -78.503   19.998  -77.996   20.001  -77.890
   20.002  -77.886   19.898  -77.941   19.733  -77.910   19.624  -77.722
   19.640  -77.461   19.672  -77.259   19.708  -77.211   19.675  -76.972
   19.724  -76.780   19.740  -76.595   19.759  -76.406   19.801  -76.204
   19.762  -75.968   19.762  -75.769   19.701  -75.639   19.672  -75.437
   19.688  -75.228   19.708  -75.128   19.692  -75.029   19.708  -74.995
   19.708  -74.998   19.349  -74.998   19.010  -74.998   18.500  -74.998
   18.002  -75.002   17.503  -75.002   17.003  -75.002   17.003  -75.002
   16.999  -74.998   17.003  -75.495   16.999  -75.995   16.996  -76.499
   16.999  -77.002   16.996  -77.499   16.999  -78.003   16.999  -78.499
   16.999  -79.003   16.996  -79.500   16.999  -79.997   16.501  -79.997
   16.001  -80.000   15.500  -80.003   15.001  -80.000   15.004  -80.000
   15.004  -80.500   15.001  -80.997   14.997  -81.497   15.001  -81.997
   15.004  -82.497   15.001  -82.933   15.070  -82.946   15.143  -83.004
   15.186  -83.073   15.209  -83.138   15.302  -83.172   15.381  -83.231
   15.420  -83.289   15.463  -83.361   15.543  -83.563   15.533  -83.672
   15.605  -83.717   15.826  -83.960   16.007  -84.176   16.040  -84.382
   16.040  -84.570   16.139  -84.789   16.192  -84.985   16.152  -85.159
   16.103  -85.214   16.090  -85.430   16.096  -85.512   16.146  -85.591
   16.202  -85.769   16.228  -86.023   16.175  -86.142   16.093  -86.197
   16.057  -86.273   15.984  -86.393   16.001  -86.485   15.991  -86.667
   15.984  -86.793   15.961  -86.889   15.971  -86.999   16.001  -87.177
   16.037  -87.314   16.017  -87.420   16.007  -87.458   16.077  -87.571
   16.116  -87.681   16.110  -87.794   16.093  -87.876   16.021  -88.044
   15.932  -88.174   15.988  -88.270   16.057  -88.386   16.113  -88.448
   16.165  -88.373   16.264  -88.290   16.356  -88.222   16.580  -88.116
   16.737  -88.081   16.822  -88.075   16.957  -88.006   17.111  -88.040
   17.071  -87.917   17.127  -87.794   17.258  -87.715   17.451  -87.571
   17.624  -87.605   17.732  -87.735   17.748  -87.849   17.849  -87.756
   18.012  -87.684   18.178  -87.643   18.240  -87.643   18.347  -87.574
   18.542  -87.544   18.594  -87.540   18.698  -87.465   18.854  -87.420
   18.990  -87.403   19.116  -87.338   19.252  -87.294   19.352  -87.297
   19.482  -87.225   19.640  -87.215   19.753  -87.287   19.869  -87.249
   20.004  -87.252
B00000 Southeast_Sub_Area                1596  -7742   1
<NAME>NWC_SESA
  62                 14.997   17.003  -80.003  -74.998   15.001  -80.000
   15.500  -80.003   16.001  -80.000   16.501  -79.997   16.999  -79.997
   16.996  -79.500   16.999  -79.003   16.999  -78.499   16.999  -78.003
   16.996  -77.499   16.999  -77.002   16.996  -76.499   16.999  -75.995
   17.003  -75.495   16.999  -74.998   17.003  -75.002   16.504  -74.998
   16.004  -75.002   15.496  -75.002   15.004  -74.998   15.004  -74.998
   15.004  -75.591   15.001  -75.999   14.997  -76.499   15.004  -76.999
   15.001  -77.496   14.997  -77.996   14.997  -78.503   15.001  -78.996
   15.004  -79.496   15.004  -79.993
