B00000 GFA_CONUS                         3659  -9184   2
<AREA>GFA_CONUS
   4                 44.717   49.083  -93.369  -80.874   49.083  -93.369
   44.717  -80.874
  64                 24.008   49.468 -128.132  -67.001   49.062  -93.394
   44.739  -81.085   42.892  -82.239   45.335  -75.670   45.428  -71.676
   47.577  -69.294   47.467  -67.030   38.868  -67.001   37.178  -72.445
   34.990  -72.593   32.368  -76.810   26.629  -76.706   27.117  -78.866
   24.008  -78.363   24.035  -83.156   27.302  -84.222   27.144  -87.876
   28.348  -87.832   28.296  -94.001   25.898  -95.915   25.899  -99.046
   29.333 -100.777   28.777 -103.943   31.804 -106.265   31.249 -110.896
   32.767 -114.610   30.142 -120.202   39.749 -127.022   48.261 -128.132
   49.468 -120.498   49.265 -116.947   48.965 -104.120
