B00000 Lake_Superior                     4754  -8777   1
<ID>LS
 946                 46.400   49.017  -92.100  -84.350   48.050  -89.467
   48.033  -89.450   48.033  -89.500   48.000  -89.567   48.000  -89.533
   47.967  -89.600   47.983  -89.633   47.950  -89.633   47.967  -89.667
   47.950  -89.683   47.917  -89.733   47.883  -89.817   47.867  -89.883
   47.833  -89.967   47.800  -90.100   47.783  -90.200   47.750  -90.300
   47.733  -90.400   47.717  -90.450   47.700  -90.533   47.650  -90.650
   47.633  -90.717   47.583  -90.800   47.533  -90.900   47.483  -90.983
   47.450  -91.050   47.383  -91.133   47.317  -91.217   47.267  -91.283
   47.200  -91.367   47.133  -91.467   47.083  -91.583   47.033  -91.650
   47.000  -91.700   46.933  -91.800   46.900  -91.883   46.850  -91.967
   46.783  -92.100   46.783  -92.100   46.717  -92.050   46.683  -91.983
   46.683  -91.917   46.700  -91.883   46.683  -91.817   46.717  -91.717
   46.733  -91.633   46.767  -91.583   46.767  -91.500   46.800  -91.400
   46.833  -91.300   46.850  -91.250   46.883  -91.183   46.867  -91.200
   46.850  -91.167   46.883  -91.133   46.867  -91.117   46.900  -91.033
   46.950  -90.967   46.933  -90.933   46.967  -90.867   46.967  -90.833
   46.933  -90.833   46.933  -90.800   46.900  -90.767   46.833  -90.800
   46.750  -90.883   46.700  -90.850   46.683  -90.850   46.650  -90.917
   46.600  -90.933   46.583  -90.900   46.600  -90.867   46.617  -90.817
   46.650  -90.750   46.667  -90.767   46.667  -90.717   46.717  -90.767
   46.667  -90.717   46.633  -90.667   46.600  -90.600   46.583  -90.550
   46.583  -90.517   46.550  -90.450   46.600  -90.333   46.600  -90.300
   46.633  -90.200   46.650  -90.117   46.667  -90.050   46.683  -90.000
   46.733  -89.917   46.783  -89.867   46.817  -89.783   46.833  -89.700
   46.833  -89.650   46.817  -89.617   46.833  -89.550   46.850  -89.417
   46.883  -89.317   46.917  -89.217   46.967  -89.167   47.000  -89.117
   46.983  -89.083   47.000  -89.033   47.000  -88.983   47.017  -88.950
   47.050  -88.917   47.083  -88.900   47.100  -88.883   47.117  -88.833
   47.133  -88.817   47.150  -88.767   47.200  -88.700   47.217  -88.667
   47.250  -88.567   47.300  -88.500   47.367  -88.417   47.400  -88.317
   47.417  -88.283   47.433  -88.217   47.450  -88.183   47.467  -88.083
   47.483  -88.000   47.483  -87.917   47.467  -87.783   47.467  -87.783
   47.450  -87.717   47.400  -87.700   47.400  -87.750   47.383  -87.817
   47.383  -87.933   47.367  -87.967   47.350  -87.933   47.333  -87.950
   47.300  -88.050   47.250  -88.117   47.217  -88.150   47.200  -88.183
   47.200  -88.200   47.183  -88.233   47.133  -88.250   47.133  -88.283
   47.100  -88.300   47.067  -88.350   47.017  -88.367   46.983  -88.400
   46.967  -88.433   46.900  -88.467   46.833  -88.483   46.783  -88.467
   46.750  -88.500   46.750  -88.467   46.800  -88.433   46.833  -88.383
   46.850  -88.400   46.867  -88.383   46.850  -88.367   46.900  -88.300
   46.933  -88.233   46.967  -88.133   46.917  -88.183   46.883  -88.250
   46.833  -88.267   46.883  -88.217   46.883  -88.217   46.900  -88.167
   46.917  -88.083   46.900  -88.017   46.900  -87.900   46.883  -87.867
   46.883  -87.817   46.850  -87.733   46.817  -87.717   46.833  -87.683
   46.800  -87.650   46.800  -87.617   46.783  -87.600   46.717  -87.583
   46.683  -87.533   46.633  -87.467   46.600  -87.467   46.583  -87.433
   46.583  -87.383   46.567  -87.383   46.550  -87.367   46.533  -87.400
   46.500  -87.367   46.483  -87.267   46.500  -87.183   46.500  -87.117
   46.533  -87.017   46.517  -86.967   46.467  -86.933   46.467  -86.900
   46.433  -86.867   46.433  -86.833   46.467  -86.800   46.483  -86.767
   46.467  -86.733   46.433  -86.700   46.433  -86.650   46.400  -86.650
   46.483  -86.567   46.550  -86.467   46.550  -86.433   46.583  -86.333
   46.667  -86.150   46.650  -86.117   46.650  -86.083   46.683  -85.900
   46.683  -85.817   46.667  -85.600   46.667  -85.500   46.667  -85.500
   46.750  -85.267   46.767  -85.167   46.750  -85.083   46.767  -85.000
   46.767  -84.950   46.700  -85.033   46.550  -85.033   46.533  -85.050
   46.500  -85.050   46.483  -85.033   46.483  -84.933   46.467  -84.900
   46.467  -84.850   46.450  -84.833   46.450  -84.783   46.483  -84.683
   46.483  -84.633   46.433  -84.583   46.417  -84.600   46.417  -84.550
   46.433  -84.500   46.433  -84.467   46.467  -84.450   46.467  -84.517
   46.517  -84.550   46.533  -84.600   46.583  -84.583   46.667  -84.483
   46.683  -84.417   46.717  -84.450   46.733  -84.433   46.750  -84.450
   46.750  -84.483   46.683  -84.550   46.700  -84.567   46.733  -84.583
   46.733  -84.550   46.767  -84.550   46.767  -84.550   46.800  -84.533
   46.817  -84.550   46.817  -84.500   46.833  -84.483   46.833  -84.433
   46.817  -84.400   46.867  -84.350   46.900  -84.383   46.933  -84.450
   46.933  -84.483   46.917  -84.517   46.900  -84.500   46.883  -84.433
   46.883  -84.483   46.867  -84.533   46.883  -84.550   46.917  -84.517
   46.933  -84.550   46.933  -84.583   46.917  -84.600   46.883  -84.617
   46.917  -84.650   46.950  -84.650   46.967  -84.700   46.950  -84.717
   46.983  -84.783   47.050  -84.783   47.100  -84.717   47.133  -84.733
   47.150  -84.700   47.183  -84.700   47.233  -84.650   47.283  -84.600
   47.300  -84.600   47.350  -84.633   47.367  -84.700   47.400  -84.700
   47.467  -84.783   47.517  -84.917   47.533  -84.950   47.550  -84.950
   47.600  -85.033   47.600  -85.017   47.633  -85.017   47.667  -84.967
   47.700  -85.000   47.733  -84.950   47.783  -84.900   47.783  -84.900
   47.817  -84.950   47.850  -84.950   47.850  -84.917   47.900  -84.850
   47.933  -84.850   47.950  -84.883   47.933  -84.900   47.950  -84.917
   47.950  -85.083   47.950  -85.250   47.933  -85.350   47.917  -85.383
   47.917  -85.500   47.917  -85.633   47.933  -85.767   47.967  -85.850
   48.017  -85.900   48.083  -86.000   48.117  -86.033   48.233  -86.133
   48.267  -86.133   48.367  -86.200   48.383  -86.183   48.417  -86.233
   48.467  -86.233   48.550  -86.283   48.583  -86.283   48.617  -86.333
   48.650  -86.317   48.650  -86.350   48.717  -86.400   48.750  -86.433
   48.767  -86.433   48.750  -86.550   48.733  -86.550   48.733  -86.550
   48.733  -86.633   48.783  -86.617   48.800  -86.700   48.817  -86.717
   48.783  -86.750   48.783  -86.800   48.750  -86.833   48.750  -86.867
   48.800  -86.967   48.817  -86.950   48.800  -87.000   48.783  -87.000
   48.800  -87.033   48.783  -87.067   48.767  -87.150   48.783  -87.167
   48.767  -87.200   48.767  -87.300   48.800  -87.300   48.817  -87.400
   48.833  -87.417   48.850  -87.450   48.833  -87.550   48.883  -87.550
   48.850  -87.650   48.900  -87.683   48.900  -87.767   48.933  -87.783
   48.917  -87.833   48.933  -87.883   48.933  -87.933   48.983  -88.033
   49.017  -88.033   48.983  -88.083   49.000  -88.133   48.967  -88.167
   48.967  -88.250   49.000  -88.267   48.950  -88.267   48.933  -88.233
   48.900  -88.233   48.883  -88.250   48.833  -88.233   48.800  -88.117
   48.767  -88.100   48.817  -88.100   48.850  -88.000   48.867  -87.933
   48.867  -87.933   48.850  -87.850   48.850  -87.800   48.833  -87.750
   48.850  -87.700   48.800  -87.667   48.750  -87.600   48.733  -87.700
   48.750  -87.750   48.783  -87.717   48.800  -87.750   48.767  -87.783
   48.800  -87.817   48.750  -87.800   48.750  -87.850   48.767  -87.900
   48.750  -87.983   48.733  -88.017   48.700  -88.017   48.700  -88.050
   48.733  -88.100   48.700  -88.100   48.650  -88.150   48.583  -88.233
   48.600  -88.300   48.650  -88.317   48.650  -88.350   48.583  -88.333
   48.567  -88.300   48.550  -88.333   48.567  -88.350   48.533  -88.383
   48.533  -88.417   48.567  -88.433   48.517  -88.467   48.500  -88.500
   48.467  -88.483   48.467  -88.517   48.433  -88.517   48.433  -88.517
   48.400  -88.567   48.467  -88.567   48.483  -88.583   48.533  -88.550
   48.633  -88.417   48.667  -88.350   48.750  -88.317   48.783  -88.350
   48.800  -88.333   48.817  -88.350   48.850  -88.483   48.817  -88.500
   48.767  -88.550   48.733  -88.550   48.700  -88.517   48.683  -88.550
   48.633  -88.550   48.617  -88.583   48.617  -88.617   48.517  -88.650
   48.483  -88.667   48.500  -88.700   48.467  -88.700   48.400  -88.717
   48.350  -88.750   48.317  -88.900   48.300  -88.933   48.367  -88.900
   48.367  -88.867   48.400  -88.867   48.467  -88.833   48.550  -88.767
   48.567  -88.783   48.550  -88.867   48.517  -88.967   48.483  -89.150
   48.433  -89.217   48.317  -89.217   48.300  -89.233   48.233  -89.267
   48.167  -89.300   48.133  -89.317   48.117  -89.367   48.100  -89.350
   48.083  -89.383   48.083  -89.450   48.067  -89.417   48.050  -89.467

B00000 Lake_Michigan                     4461  -8662   1
<ID>LM
 702                 41.617   46.100  -88.033  -84.733   45.817  -86.567
   45.850  -86.533   45.883  -86.550   45.900  -86.583   45.833  -86.650
   45.833  -86.717   45.867  -86.750   45.850  -86.783   45.800  -86.783
   45.767  -86.817   45.717  -86.850   45.700  -86.933   45.667  -86.967
   45.700  -86.983   45.783  -86.983   45.817  -87.000   45.883  -86.950
   45.900  -86.950   45.917  -86.967   45.867  -87.000   45.850  -87.000
   45.817  -87.050   45.767  -87.067   45.733  -87.050   45.683  -87.100
   45.667  -87.167   45.583  -87.233   45.500  -87.283   45.433  -87.333
   45.417  -87.333   45.333  -87.400   45.233  -87.483   45.183  -87.550
   45.150  -87.600   45.100  -87.600   45.083  -87.583   45.067  -87.617
   44.967  -87.633   44.967  -87.750   44.950  -87.817   44.917  -87.833
   44.883  -87.817   44.833  -87.867   44.817  -87.900   44.767  -87.917
   44.700  -87.983   44.617  -88.017   44.583  -87.983   44.583  -87.983
   44.617  -88.017   44.567  -88.017   44.550  -88.033   44.517  -87.950
   44.550  -87.900   44.600  -87.867   44.633  -87.800   44.633  -87.767
   44.667  -87.733   44.717  -87.717   44.833  -87.600   44.850  -87.550
   44.817  -87.550   44.850  -87.517   44.850  -87.483   44.883  -87.433
   44.833  -87.383   44.883  -87.383   44.900  -87.400   45.000  -87.350
   45.017  -87.317   45.033  -87.317   45.050  -87.283   45.067  -87.267
   45.133  -87.233   45.167  -87.233   45.150  -87.167   45.183  -87.167
   45.183  -87.117   45.217  -87.117   45.250  -87.100   45.250  -87.083
   45.283  -87.067   45.300  -87.050   45.283  -87.033   45.300  -87.000
   45.283  -86.967   45.250  -86.983   45.233  -86.967   45.217  -86.983
   45.233  -87.033   45.133  -87.033   45.150  -87.083   45.117  -87.050
   45.067  -87.067   45.083  -87.100   45.050  -87.083   45.067  -87.117
   45.067  -87.117   45.017  -87.133   44.967  -87.183   44.917  -87.167
   44.900  -87.217   44.867  -87.200   44.833  -87.267   44.800  -87.283
   44.783  -87.317   44.750  -87.317   44.683  -87.350   44.667  -87.367
   44.617  -87.400   44.600  -87.433   44.533  -87.467   44.450  -87.500
   44.367  -87.517   44.317  -87.550   44.283  -87.550   44.250  -87.517
   44.217  -87.500   44.183  -87.517   44.150  -87.550   44.133  -87.583
   44.100  -87.650   44.050  -87.650   44.000  -87.700   43.967  -87.700
   43.933  -87.717   43.867  -87.733   43.783  -87.717   43.767  -87.700
   43.683  -87.700   43.650  -87.717   43.583  -87.783   43.550  -87.800
   43.483  -87.800   43.450  -87.817   43.400  -87.867   43.350  -87.883
   43.317  -87.883   43.250  -87.917   43.167  -87.883   43.117  -87.900
   43.067  -87.867   43.033  -87.900   43.017  -87.900   42.967  -87.850
   42.900  -87.850   42.900  -87.850   42.867  -87.833   42.817  -87.800
   42.783  -87.750   42.750  -87.783   42.700  -87.783   42.633  -87.817
   42.533  -87.817   42.483  -87.800   42.450  -87.800   42.367  -87.817
   42.317  -87.833   42.250  -87.817   42.183  -87.783   42.117  -87.733
   42.067  -87.683   41.983  -87.650   41.900  -87.617   41.850  -87.617
   41.767  -87.567   41.733  -87.533   41.700  -87.517   41.667  -87.450
   41.683  -87.417   41.650  -87.433   41.633  -87.383   41.617  -87.317
   41.617  -87.267   41.633  -87.167   41.667  -87.050   41.717  -86.933
   41.767  -86.817   41.817  -86.717   41.883  -86.633   41.933  -86.583
   42.017  -86.550   42.117  -86.483   42.183  -86.417   42.267  -86.350
   42.400  -86.283   42.483  -86.250   42.550  -86.233   42.633  -86.233
   42.700  -86.200   42.900  -86.217   43.017  -86.233   43.067  -86.250
   43.133  -86.283   43.217  -86.333   43.217  -86.333   43.300  -86.383
   43.350  -86.417   43.433  -86.450   43.517  -86.483   43.567  -86.517
   43.617  -86.533   43.667  -86.533   43.700  -86.500   43.750  -86.450
   43.800  -86.433   43.867  -86.433   43.950  -86.450   43.983  -86.467
   44.033  -86.517   44.067  -86.517   44.117  -86.433   44.167  -86.400
   44.233  -86.350   44.300  -86.317   44.350  -86.267   44.417  -86.250
   44.483  -86.267   44.533  -86.233   44.583  -86.233   44.633  -86.250
   44.683  -86.267   44.700  -86.250   44.717  -86.200   44.717  -86.133
   44.733  -86.100   44.767  -86.067   44.900  -86.067   44.917  -86.050
   44.900  -86.000   44.967  -85.933   44.967  -85.917   44.933  -85.867
   44.933  -85.833   44.950  -85.800   45.050  -85.750   45.083  -85.683
   45.117  -85.667   45.183  -85.617   45.183  -85.567   45.217  -85.550
   45.183  -85.533   45.167  -85.550   45.133  -85.567   45.133  -85.567
   45.150  -85.583   45.117  -85.617   45.067  -85.567   44.967  -85.650
   44.983  -85.600   44.933  -85.600   44.917  -85.617   44.867  -85.650
   44.833  -85.650   44.800  -85.617   44.767  -85.633   44.767  -85.600
   44.817  -85.583   44.883  -85.533   44.900  -85.533   44.883  -85.567
   44.933  -85.533   44.967  -85.517   44.983  -85.500   44.967  -85.467
   44.950  -85.483   44.850  -85.500   44.817  -85.550   44.783  -85.567
   44.750  -85.567   44.750  -85.533   44.800  -85.500   44.817  -85.467
   44.900  -85.417   44.967  -85.383   45.033  -85.383   45.067  -85.367
   45.117  -85.367   45.167  -85.383   45.250  -85.383   45.267  -85.367
   45.317  -85.300   45.317  -85.267   45.350  -85.217   45.367  -85.150
   45.367  -85.000   45.400  -84.917   45.417  -84.917   45.433  -85.033
   45.450  -85.067   45.483  -85.100   45.550  -85.117   45.585  -85.119
   45.635  -85.066   45.649  -85.002   45.686  -84.981   45.718  -84.933
   45.767  -85.000   45.750  -84.899   45.750  -84.784   45.769  -84.768
   45.783  -84.782   45.783  -84.754   45.785  -84.753   45.851  -84.733
   45.847  -84.764   45.867  -84.800   45.867  -84.833   45.900  -84.833
   45.917  -84.900   45.950  -84.933   46.000  -85.000   46.033  -85.100
   46.050  -85.150   46.050  -85.250   46.083  -85.333   46.067  -85.383
   46.100  -85.417   46.083  -85.450   46.100  -85.483   46.083  -85.533
   46.033  -85.600   45.967  -85.650   45.950  -85.683   45.983  -85.800
   45.967  -85.833   45.967  -85.917   45.917  -85.917   45.950  -86.000
   45.967  -86.117   45.950  -86.150   45.967  -86.200   45.950  -86.217
   45.950  -86.250   45.900  -86.317   45.783  -86.367   45.783  -86.417
   45.750  -86.450   45.750  -86.517   45.700  -86.533   45.717  -86.583
   45.667  -86.583   45.667  -86.633   45.633  -86.617   45.600  -86.617
   45.633  -86.683   45.667  -86.700   45.717  -86.650   45.767  -86.633
   45.767  -86.583   45.817  -86.567
B00000 Lake_Erie                         4214  -8143   1
<ID>LE
 382                 41.383   42.900  -83.483  -78.850   41.483  -82.683
   41.450  -82.650   41.400  -82.567   41.383  -82.517   41.383  -82.467
   41.433  -82.350   41.433  -82.267   41.467  -82.183   41.500  -82.067
   41.517  -82.000   41.500  -81.967   41.483  -81.917   41.483  -81.850
   41.500  -81.800   41.483  -81.750   41.550  -81.600   41.600  -81.550
   41.633  -81.483   41.717  -81.367   41.767  -81.267   41.783  -81.200
   41.850  -81.000   41.900  -80.800   41.950  -80.600   42.000  -80.450
   42.050  -80.283   42.083  -80.217   42.133  -80.100   42.167  -80.000
   42.200  -79.950   42.233  -79.867   42.267  -79.767   42.317  -79.650
   42.383  -79.517   42.417  -79.450   42.450  -79.417   42.483  -79.367
   42.517  -79.283   42.533  -79.250   42.550  -79.150   42.617  -79.117
   42.650  -79.067   42.667  -79.067   42.700  -79.033   42.717  -78.967
   42.733  -78.950   42.750  -78.900   42.783  -78.850   42.783  -78.850
   42.850  -78.867   42.900  -78.900   42.883  -78.933   42.867  -79.083
   42.833  -79.083   42.867  -79.117   42.867  -79.200   42.883  -79.250
   42.867  -79.283   42.867  -79.333   42.850  -79.350   42.867  -79.367
   42.867  -79.450   42.833  -79.483   42.850  -79.533   42.833  -79.550
   42.867  -79.567   42.833  -79.633   42.833  -79.633   42.867  -79.700
   42.850  -79.717   42.833  -79.817   42.817  -79.917   42.800  -79.983
   42.800  -80.050   42.783  -80.083   42.783  -80.200   42.767  -80.233
   42.683  -80.333   42.650  -80.333   42.667  -80.383   42.617  -80.450
   42.583  -80.433   42.600  -80.417   42.583  -80.383   42.600  -80.333
   42.583  -80.333   42.600  -80.283   42.567  -80.233   42.567  -80.133
   42.550  -80.050   42.533  -80.150   42.550  -80.267   42.583  -80.400
   42.583  -80.433   42.567  -80.517   42.567  -80.600   42.583  -80.650
   42.583  -80.650   42.617  -80.733   42.633  -80.783   42.650  -80.850
   42.650  -81.033   42.667  -81.233   42.650  -81.300   42.633  -81.367
   42.600  -81.400   42.600  -81.433   42.583  -81.467   42.567  -81.517
   42.517  -81.600   42.450  -81.700   42.383  -81.817   42.333  -81.833
   42.267  -81.833   42.250  -81.850   42.267  -82.000   42.250  -82.083
   42.233  -82.117   42.183  -82.217   42.117  -82.400   42.067  -82.467
   42.017  -82.500   41.917  -82.500   41.967  -82.533   42.017  -82.583
   42.033  -82.633   42.033  -82.717   42.000  -82.800   41.983  -82.900
   41.983  -82.950   42.033  -83.033   42.050  -83.117   42.133  -83.117
   42.133  -83.117   42.100  -83.150   42.117  -83.183   42.083  -83.200
   42.017  -83.183   41.950  -83.250   41.933  -83.267   41.950  -83.300
   41.917  -83.333   41.883  -83.333   41.867  -83.383   41.817  -83.433
   41.783  -83.433   41.733  -83.417   41.783  -83.433   41.800  -83.450
   41.767  -83.450   41.767  -83.467   41.750  -83.483   41.717  -83.483
   41.733  -83.450   41.683  -83.483   41.700  -83.450   41.683  -83.367
   41.700  -83.333   41.633  -83.200   41.617  -83.117   41.600  -83.067
   41.550  -83.017   41.517  -82.950   41.517  -82.900   41.550  -82.850
   41.583  -82.850   41.567  -82.817   41.533  -82.783   41.550  -82.733
   41.533  -82.717   41.500  -82.717   41.517  -82.733   41.500  -82.767
   41.500  -82.800   41.483  -82.817   41.500  -82.833   41.483  -82.900
   41.483  -82.967   41.450  -83.033   41.450  -83.000   41.433  -82.983
   41.450  -82.967   41.417  -82.933   41.450  -82.850   41.467  -82.833
   41.467  -82.800   41.450  -82.767   41.450  -82.733   41.467  -82.700
   41.450  -82.683   41.450  -82.650
B00000 Lake_Ontario                      4380  -7743   1
<ID>LO
 314                 43.183   44.550  -79.800  -75.733   44.000  -77.600
   43.983  -77.567   44.000  -77.517   44.033  -77.600   44.017  -77.667
   44.033  -77.700   44.017  -77.733   44.000  -77.667   43.983  -77.717
   44.017  -77.750   44.000  -77.800   43.983  -77.867   43.967  -77.983
   43.967  -78.050   43.950  -78.183   43.950  -78.267   43.900  -78.467
   43.900  -78.633   43.867  -78.700   43.867  -78.800   43.850  -78.867
   43.850  -78.933   43.817  -79.017   43.800  -79.117   43.767  -79.133
   43.733  -79.200   43.667  -79.283   43.617  -79.383   43.633  -79.400
   43.633  -79.467   43.600  -79.483   43.583  -79.533   43.533  -79.600
   43.500  -79.600   43.433  -79.667   43.383  -79.717   43.317  -79.800
   43.317  -79.800   43.283  -79.783   43.250  -79.750   43.233  -79.667
   43.233  -79.617   43.200  -79.533   43.200  -79.400   43.183  -79.350
   43.183  -79.317   43.217  -79.233   43.233  -79.217   43.233  -79.183
   43.267  -79.133   43.267  -79.067   43.300  -78.917   43.333  -78.767
   43.367  -78.583   43.383  -78.367   43.367  -78.250   43.367  -78.200
   43.383  -78.100   43.367  -77.967   43.333  -77.717   43.283  -77.650
   43.250  -77.583   43.233  -77.533   43.267  -77.433   43.283  -77.367
   43.283  -77.083   43.267  -77.033   43.267  -76.967   43.300  -76.883
   43.300  -76.800   43.333  -76.733   43.350  -76.683   43.417  -76.617
   43.467  -76.533   43.467  -76.500   43.517  -76.417   43.517  -76.283
   43.533  -76.233   43.550  -76.217   43.600  -76.200   43.667  -76.200
   43.817  -76.233   43.833  -76.300   43.867  -76.283   43.883  -76.233
   43.883  -76.233   43.867  -76.233   43.867  -76.200   43.900  -76.133
   43.933  -76.133   43.967  -76.117   43.967  -76.200   44.000  -76.217
   43.967  -76.267   44.000  -76.267   44.017  -76.300   44.067  -76.283
   44.067  -76.317   44.117  -76.367   44.167  -76.267   44.183  -76.250
   44.217  -76.183   44.250  -76.083   44.267  -76.017   44.333  -75.917
   44.367  -75.883   44.367  -75.850   44.383  -75.850   44.400  -75.817
   44.400  -75.800   44.450  -75.767   44.467  -75.783   44.550  -75.733
   44.483  -75.833   44.383  -75.933   44.350  -76.050   44.350  -76.083
   44.317  -76.200   44.300  -76.300   44.267  -76.350   44.233  -76.450
   44.217  -76.550   44.217  -76.700   44.117  -76.917   44.067  -76.967
   44.050  -77.067   44.033  -77.017   44.067  -76.933   44.100  -76.883
   44.117  -76.833   44.083  -76.850   44.067  -76.883   44.033  -76.900
   44.017  -76.967   44.017  -76.967   43.983  -76.983   43.950  -77.033
   43.917  -77.033   43.933  -77.000   43.933  -76.950   43.950  -76.867
   43.933  -76.867   43.900  -76.967   43.883  -77.050   43.850  -77.117
   43.850  -77.150   43.867  -77.167   43.850  -77.217   43.867  -77.233
   43.883  -77.217   43.900  -77.233   43.900  -77.283   43.950  -77.333
   43.933  -77.417   43.933  -77.483   43.983  -77.567   44.000  -77.600

B00000 Lake_Huron                        4519  -8225   1
<ID>LH
1016                 43.000   46.333  -84.756  -79.717   46.083  -83.583
   46.050  -83.550   46.017  -83.533   45.983  -83.467   45.917  -83.517
   45.917  -83.600   45.933  -83.617   45.950  -83.617   45.933  -83.667
   45.933  -83.750   45.950  -83.767   45.933  -83.783   45.950  -83.800
   45.950  -83.833   45.967  -83.850   45.967  -83.883   45.983  -83.883
   45.967  -83.917   45.967  -83.983   45.950  -84.000   45.967  -84.033
   45.967  -84.100   45.983  -84.117   45.967  -84.183   45.983  -84.233
   45.983  -84.283   45.967  -84.283   45.950  -84.333   45.933  -84.383
   45.950  -84.417   45.950  -84.433   45.967  -84.417   45.983  -84.433
   46.000  -84.400   46.000  -84.450   45.967  -84.467   46.000  -84.483
   46.000  -84.500   45.967  -84.517   46.017  -84.533   46.033  -84.567
   46.033  -84.617   46.050  -84.667   46.017  -84.683   45.967  -84.683
   45.967  -84.717   45.950  -84.733   45.917  -84.717   45.901  -84.734
   45.849  -84.700   45.851  -84.733   45.785  -84.753   45.851  -84.733
   45.783  -84.756   45.783  -84.733   45.717  -84.567   45.650  -84.467
   45.667  -84.417   45.650  -84.367   45.667  -84.317   45.633  -84.217
   45.567  -84.117   45.517  -84.117   45.500  -84.083   45.500  -83.950
   45.483  -83.900   45.433  -83.833   45.417  -83.800   45.400  -83.750
   45.417  -83.717   45.367  -83.633   45.350  -83.567   45.350  -83.500
   45.367  -83.500   45.300  -83.433   45.267  -83.383   45.250  -83.383
   45.250  -83.417   45.167  -83.367   45.133  -83.317   45.083  -83.300
   45.050  -83.317   45.050  -83.283   45.017  -83.267   45.050  -83.367
   45.083  -83.367   45.050  -83.450   45.017  -83.450   44.933  -83.433
   44.900  -83.383   44.883  -83.317   44.850  -83.333   44.817  -83.300
   44.817  -83.300   44.750  -83.300   44.717  -83.283   44.667  -83.283
   44.583  -83.317   44.533  -83.300   44.467  -83.317   44.333  -83.333
   44.317  -83.367   44.283  -83.417   44.250  -83.450   44.267  -83.450
   44.283  -83.467   44.283  -83.500   44.217  -83.550   44.150  -83.567
   44.100  -83.567   44.067  -83.583   44.050  -83.567   44.067  -83.633
   44.033  -83.683   44.017  -83.683   43.983  -83.667   44.000  -83.700
   44.000  -83.733   43.983  -83.767   44.000  -83.833   43.917  -83.900
   43.850  -83.917   43.767  -83.933   43.767  -83.950   43.717  -83.933
   43.667  -83.900   43.650  -83.867   43.650  -83.833   43.633  -83.800
   43.617  -83.733   43.583  -83.683   43.617  -83.633   43.717  -83.517
   43.700  -83.500   43.733  -83.467   43.800  -83.417   43.833  -83.383
   43.850  -83.383   43.883  -83.333   43.900  -83.333   43.917  -83.400
   43.917  -83.317   43.917  -83.317   43.933  -83.283   43.983  -83.267
   43.983  -83.183   44.000  -83.133   44.017  -83.050   44.050  -83.033
   44.067  -82.967   44.067  -82.900   44.033  -82.800   43.983  -82.733
   43.933  -82.700   43.883  -82.667   43.850  -82.633   43.783  -82.617
   43.700  -82.600   43.617  -82.600   43.550  -82.583   43.433  -82.533
   43.333  -82.533   43.217  -82.517   43.167  -82.500   43.100  -82.483
   43.000  -82.417   43.017  -82.383   43.033  -82.300   43.033  -82.233
   43.067  -82.150   43.100  -82.133   43.117  -82.067   43.167  -82.017
   43.217  -82.017   43.217  -81.967   43.250  -81.867   43.283  -81.800
   43.350  -81.733   43.400  -81.700   43.433  -81.717   43.483  -81.717
   43.533  -81.700   43.650  -81.717   43.700  -81.733   43.783  -81.717
   43.917  -81.717   43.967  -81.733   44.033  -81.733   44.083  -81.767
   44.117  -81.717   44.183  -81.633   44.183  -81.633   44.250  -81.600
   44.333  -81.600   44.333  -81.567   44.417  -81.500   44.433  -81.417
   44.500  -81.383   44.550  -81.333   44.600  -81.283   44.650  -81.267
   44.700  -81.317   44.700  -81.283   44.767  -81.283   44.767  -81.300
   44.800  -81.300   44.817  -81.317   44.917  -81.383   44.967  -81.350
   44.967  -81.383   44.983  -81.367   45.000  -81.400   44.967  -81.433
   45.033  -81.467   45.083  -81.517   45.117  -81.533   45.150  -81.583
   45.167  -81.600   45.183  -81.583   45.183  -81.617   45.200  -81.700
   45.217  -81.700   45.217  -81.733   45.267  -81.667   45.250  -81.617
   45.250  -81.583   45.233  -81.467   45.250  -81.300   45.217  -81.283
   45.183  -81.333   45.133  -81.333   45.117  -81.283   45.083  -81.267
   45.017  -81.283   44.983  -81.250   45.000  -81.233   45.000  -81.200
   44.967  -81.217   44.967  -81.133   44.950  -81.117   44.950  -81.117
   44.900  -81.167   44.917  -81.100   44.900  -81.083   44.883  -81.083
   44.917  -81.033   44.950  -81.050   44.967  -81.033   44.967  -80.983
   44.950  -80.967   44.900  -81.033   44.883  -81.000   44.833  -81.033
   44.783  -81.117   44.767  -81.117   44.783  -81.083   44.817  -80.983
   44.800  -80.950   44.800  -80.900   44.767  -80.883   44.650  -80.933
   44.583  -80.950   44.617  -80.917   44.633  -80.867   44.683  -80.833
   44.717  -80.783   44.733  -80.700   44.717  -80.633   44.633  -80.617
   44.600  -80.550   44.600  -80.500   44.550  -80.417   44.533  -80.283
   44.517  -80.250   44.500  -80.233   44.500  -80.183   44.467  -80.117
   44.483  -80.067   44.550  -80.000   44.617  -80.000   44.667  -79.983
   44.717  -80.033   44.750  -80.133   44.800  -80.133   44.817  -80.083
   44.800  -80.067   44.800  -80.050   44.817  -80.050   44.850  -80.033
   44.850  -80.033   44.867  -79.967   44.867  -79.917   44.833  -79.917
   44.800  -79.950   44.817  -79.883   44.800  -79.867   44.767  -79.883
   44.750  -79.850   44.767  -79.850   44.767  -79.800   44.733  -79.800
   44.767  -79.767   44.733  -79.733   44.783  -79.717   44.783  -79.750
   44.817  -79.783   44.833  -79.783   44.867  -79.833   44.867  -79.867
   44.833  -79.883   44.883  -79.883   44.900  -79.833   44.933  -79.817
   44.967  -79.867   44.933  -79.917   44.983  -79.950   45.000  -79.933
   45.000  -79.967   45.033  -80.017   45.050  -80.000   45.067  -80.067
   45.083  -80.083   45.083  -80.050   45.117  -80.083   45.117  -80.017
   45.167  -80.067   45.200  -80.067   45.183  -80.117   45.200  -80.133
   45.233  -80.133   45.250  -80.150   45.217  -80.183   45.283  -80.233
   45.317  -80.233   45.317  -80.167   45.300  -80.100   45.350  -80.100
   45.333  -80.033   45.333  -80.033   45.400  -80.083   45.400  -80.133
   45.383  -80.167   45.383  -80.217   45.367  -80.183   45.333  -80.167
   45.350  -80.217   45.333  -80.233   45.350  -80.267   45.350  -80.300
   45.383  -80.333   45.367  -80.350   45.400  -80.350   45.417  -80.333
   45.433  -80.383   45.450  -80.400   45.567  -80.383   45.583  -80.417
   45.550  -80.500   45.583  -80.500   45.600  -80.517   45.617  -80.500
   45.633  -80.583   45.650  -80.583   45.667  -80.600   45.683  -80.583
   45.717  -80.633   45.767  -80.633   45.800  -80.683   45.817  -80.667
   45.817  -80.717   45.850  -80.733   45.933  -80.750   45.900  -80.800
   45.933  -80.800   45.917  -80.850   45.950  -80.900   45.933  -80.917
   45.917  -80.983   45.933  -81.017   45.950  -81.017   45.933  -81.083
   45.950  -81.117   45.917  -81.150   45.933  -81.183   45.983  -81.150
   46.000  -81.167   45.983  -81.167   45.983  -81.167   45.983  -81.200
   45.950  -81.200   45.967  -81.233   45.950  -81.267   45.967  -81.300
   45.967  -81.350   45.983  -81.383   45.983  -81.450   45.950  -81.533
   46.017  -81.500   45.950  -81.633   45.933  -81.650   45.917  -81.683
   45.933  -81.700   46.000  -81.567   46.000  -81.667   46.017  -81.717
   46.033  -81.667   46.033  -81.617   46.050  -81.550   46.050  -81.617
   46.067  -81.650   46.067  -81.717   46.017  -81.750   45.967  -81.717
   45.983  -81.767   45.967  -81.800   46.000  -81.850   46.000  -81.850
   45.983  -81.917   46.000  -81.933   46.000  -81.950   46.050  -81.950
   46.067  -81.817   46.033  -81.783   46.067  -81.783   46.083  -81.733
   46.117  -81.717   46.100  -81.800   46.100  -82.033   46.117  -82.183
   46.133  -82.217   46.133  -82.300   46.167  -82.367   46.183  -82.317
   46.183  -82.433   46.167  -82.467   46.200  -82.467   46.167  -82.533
   46.167  -82.683   46.200  -82.683   46.183  -82.800   46.183  -82.950
   46.167  -82.967   46.167  -83.050   46.200  -83.100   46.183  -83.133
   46.217  -83.317   46.233  -83.383   46.250  -83.567   46.283  -83.600
   46.267  -83.633   46.267  -83.700   46.300  -83.750   46.283  -83.800
   46.300  -83.867   46.333  -83.883   46.333  -83.933   46.300  -83.917
   46.250  -83.883   46.267  -83.833   46.267  -83.833   46.233  -83.833
   46.233  -83.817   46.217  -83.800   46.233  -83.783   46.217  -83.767
   46.200  -83.800   46.183  -83.783   46.167  -83.800   46.133  -83.817
   46.133  -83.850   46.167  -83.867   46.150  -83.883   46.100  -83.883
   46.067  -83.917   46.067  -83.950   46.100  -83.950   46.133  -83.983
   46.167  -84.000   46.183  -84.050   46.250  -84.100   46.233  -84.150
   46.250  -84.200   46.200  -84.267   46.167  -84.233   46.167  -84.200
   46.183  -84.183   46.183  -84.150   46.167  -84.133   46.183  -84.117
   46.150  -84.100   46.150  -84.050   46.133  -84.033   46.100  -84.067
   46.050  -84.000   46.017  -83.967   46.033  -83.950   46.017  -83.917
   45.983  -83.883   46.017  -83.833   45.983  -83.817   45.983  -83.800
   46.033  -83.717   46.033  -83.667   46.067  -83.667   46.083  -83.717
   46.100  -83.717   46.100  -83.617   46.083  -83.583
