B00000 HPCSFC                            4043  -9652   1
<NAME>HPCSFC
 402                 12.920   82.700 -179.340  179.930   15.000 -124.000
   15.910 -124.330   16.820 -124.670   17.750 -125.010   18.680 -125.380
   19.630 -125.750   20.580 -126.140   21.540 -126.540   22.510 -126.960
   23.480 -127.390   24.470 -127.840   25.460 -128.310   26.460 -128.790
   27.470 -129.290   28.480 -129.820   29.500 -130.360   30.530 -130.930
   31.560 -131.530   32.590 -132.140   33.630 -132.790   34.680 -133.470
   35.730 -134.170   36.780 -134.910   37.830 -135.680   38.880 -136.490
   39.930 -137.340   40.990 -138.230   42.030 -139.160   43.080 -140.140
   44.120 -141.180   45.160 -142.260   46.180 -143.400   47.200 -144.610
   48.210 -145.870   49.200 -147.210   50.180 -148.610   51.150 -150.100
   52.090 -151.660   53.010 -153.310   53.900 -155.050   54.770 -156.880
   55.600 -158.810   56.400 -160.840   57.160 -162.970   57.880 -165.200
   58.550 -167.540   59.170 -169.980   59.740 -172.530   60.250 -175.170
   60.700 -177.900   61.050  179.270   62.260  179.930   63.470 -179.340
   64.680 -178.550   65.890 -177.670   67.100 -176.690   68.300 -175.610
   69.510 -174.390   70.710 -173.010   71.900 -171.460   73.080 -169.670
   74.240 -167.620   75.390 -165.250   76.510 -162.460   77.590 -159.180
   78.630 -155.280   79.600 -150.620   80.500 -145.030   81.290 -138.350
   81.940 -130.470   82.410 -121.400   82.670 -111.420   82.700 -101.030
   82.490  -90.900   82.070  -81.580   81.460  -73.410   80.700  -66.450
   79.820  -60.620   78.860  -55.750   77.840  -51.680   76.770  -48.270
   75.660  -45.380   74.520  -42.910   73.360  -40.790   72.180  -38.950
   70.990  -37.340   69.790  -35.920   68.590  -34.670   67.380  -33.550
   66.170  -32.550   64.960  -31.650   63.750  -30.840   62.540  -30.100
   61.340  -29.420   60.130  -28.800   58.930  -28.230   57.740  -27.710
   56.540  -27.220   55.360  -26.770   54.180  -26.350   53.000  -26.000
   52.710  -28.210   52.380  -30.370   51.990  -32.500   51.560  -34.570
   51.090  -36.600   50.570  -38.560   50.020  -40.470   49.420  -42.330
   48.790  -44.120   48.130  -45.850   47.440  -47.520   46.710  -49.130
   45.970  -50.690   45.190  -52.180   44.400  -53.620   43.590  -55.000
   42.750  -56.330   41.900  -57.600   41.040  -58.830   40.170  -60.010
   39.280  -61.140   38.380  -62.220   37.470  -63.270   36.560  -64.270
   35.640  -65.230   34.720  -66.160   33.790  -67.050   32.860  -67.910
   31.920  -68.730   30.990  -69.520   30.050  -70.290   29.120  -71.020
   28.180  -71.730   27.250  -72.410   26.320  -73.070   25.390  -73.700
   24.470  -74.320   23.550  -74.910   22.630  -75.480   21.720  -76.030
   20.810  -76.560   19.910  -77.070   19.020  -77.570   18.130  -78.050
   17.250  -78.520   16.370  -78.970   15.500  -79.410   14.640  -79.830
   13.780  -80.250   12.920  -80.620   13.250  -81.380   13.570  -82.150
   13.890  -82.930   14.190  -83.720   14.490  -84.520   14.770  -85.330
   15.050  -86.140   15.310  -86.960   15.560  -87.800   15.810  -88.630
   16.040  -89.480   16.260  -90.330   16.470  -91.190   16.670  -92.050
   16.850  -92.920   17.020  -93.800   17.180  -94.680   17.330  -95.570
   17.470  -96.460   17.590  -97.360   17.700  -98.260   17.790  -99.160
   17.870 -100.070   17.940 -100.970   17.990 -101.880   18.030 -102.800
   18.060 -103.710   18.070 -104.620   18.070 -105.540   18.060 -106.450
   18.030 -107.360   17.990 -108.270   17.930 -109.180   17.860 -110.090
   17.780 -111.000   17.680 -111.900   17.570 -112.800   17.440 -113.690
   17.310 -114.580   17.160 -115.470   17.000 -116.350   16.820 -117.230
   16.630 -118.100   16.430 -118.960   16.220 -119.820   16.000 -120.670
   15.770 -121.510   15.520 -122.350   15.270 -123.180   15.000 -124.000

