B00000 Lake_Pontchartrain                3021  -9022   2
<NAME>LAKE PONTCHARTRAIN<ID>PONTCHARTRAIN
  58                 30.033   30.383  -90.433  -89.750   30.133  -90.433
   30.083  -90.417   30.050  -90.350   30.050  -90.267   30.033  -90.200
   30.033  -90.067   30.050  -90.000   30.083  -89.950   30.150  -89.883
   30.150  -89.850   30.117  -89.850   30.100  -89.817   30.117  -89.783
   30.150  -89.750   30.183  -89.750   30.217  -89.800   30.217  -89.833
   30.250  -89.883   30.250  -89.933   30.267  -89.983   30.317  -90.000
   30.333  -90.050   30.367  -90.083   30.383  -90.167   30.383  -90.217
   30.350  -90.283   30.250  -90.350   30.200  -90.417   30.167  -90.433

  34                 30.167   30.350  -90.600  -90.400   30.200  -90.600
   30.167  -90.567   30.167  -90.517   30.183  -90.467   30.233  -90.433
   30.267  -90.433   30.300  -90.400   30.300  -90.433   30.317  -90.433
   30.350  -90.483   30.350  -90.500   30.333  -90.533   30.300  -90.550
   30.300  -90.567   30.283  -90.583   30.233  -90.583   30.217  -90.567

B00000 Lake_Mead                         3613 -11424   1
<NAME>LAKE MEAD<ID>MEAD
 162                 35.833   36.583 -114.850 -113.634   36.567 -114.317
   36.467 -114.334   36.417 -114.317   36.333 -114.367   36.200 -114.384
   36.167 -114.367   36.117 -114.300   36.067 -114.284   36.067 -114.250
   36.050 -114.250   36.033 -114.217   36.033 -114.150   36.067 -114.150
   36.167 -114.100   36.200 -114.050   36.217 -114.017   36.267 -114.000
   36.150 -113.950   36.133 -113.917   36.100 -113.900   36.067 -113.850
   36.067 -113.800   36.033 -113.750   35.983 -113.750   35.950 -113.700
   35.900 -113.684   35.850 -113.634   35.833 -113.634   35.850 -113.667
   35.867 -113.667   35.883 -113.717   35.933 -113.717   35.967 -113.767
   36.033 -113.784   36.050 -113.867   36.133 -113.934   36.117 -113.950
   36.117 -113.984   36.200 -114.000   36.183 -114.050   36.017 -114.117
   36.000 -114.234   36.017 -114.250   36.050 -114.334   36.100 -114.317
   36.133 -114.350   36.100 -114.367   36.117 -114.400   36.117 -114.400
   36.083 -114.400   36.050 -114.450   36.083 -114.467   36.100 -114.484
   36.150 -114.550   36.133 -114.567   36.133 -114.617   36.100 -114.667
   36.083 -114.700   36.067 -114.717   36.033 -114.700   36.017 -114.734
   36.033 -114.734   36.033 -114.750   36.050 -114.817   36.083 -114.800
   36.133 -114.850   36.133 -114.717   36.150 -114.717   36.150 -114.684
   36.167 -114.567   36.167 -114.450   36.267 -114.417   36.333 -114.434
   36.433 -114.367   36.467 -114.367   36.467 -114.400   36.500 -114.417
   36.483 -114.350   36.517 -114.350   36.583 -114.334   36.567 -114.317

B00000 Lake_Powell                       3733 -11088   1
<NAME>LAKE POWELL<ID>POWELL
 194                 36.933   37.900 -111.550 -110.367   37.883 -110.384
   37.850 -110.400   37.800 -110.384   37.800 -110.417   37.800 -110.434
   37.783 -110.417   37.717 -110.417   37.700 -110.450   37.650 -110.450
   37.617 -110.550   37.567 -110.584   37.517 -110.634   37.483 -110.634
   37.467 -110.700   37.450 -110.700   37.433 -110.650   37.383 -110.700
   37.350 -110.700   37.317 -110.734   37.283 -110.817   37.233 -110.834
   37.200 -110.867   37.183 -110.800   37.183 -110.684   37.217 -110.650
   37.200 -110.634   37.183 -110.667   37.167 -110.734   37.183 -110.884
   37.117 -110.967   37.100 -111.067   37.083 -111.100   37.100 -111.117
   37.083 -111.134   37.083 -111.167   37.050 -111.167   37.033 -111.134
   37.000 -111.134   37.033 -111.200   37.017 -111.217   36.983 -111.217
   37.033 -111.267   37.000 -111.284   37.000 -111.384   37.000 -111.384
   36.967 -111.367   36.950 -111.384   36.933 -111.467   36.933 -111.467
   37.000 -111.500   37.050 -111.550   37.033 -111.434   37.050 -111.417
   37.100 -111.450   37.033 -111.367   37.033 -111.317   37.050 -111.317
   37.067 -111.334   37.100 -111.334   37.117 -111.267   37.167 -111.300
   37.150 -111.250   37.083 -111.200   37.133 -111.167   37.183 -111.184
   37.150 -111.117   37.117 -111.117   37.133 -110.950   37.267 -110.867
   37.317 -110.900   37.300 -110.834   37.317 -110.834   37.333 -110.850
   37.350 -110.867   37.333 -110.784   37.367 -110.734   37.400 -110.734
   37.433 -110.700   37.517 -110.767   37.517 -110.767   37.500 -110.734
   37.567 -110.767   37.567 -110.750   37.500 -110.684   37.500 -110.650
   37.567 -110.634   37.650 -110.550   37.667 -110.500   37.700 -110.484
   37.767 -110.450   37.783 -110.467   37.817 -110.467   37.850 -110.434
   37.883 -110.417   37.900 -110.417   37.900 -110.367   37.883 -110.384

B00000 Fort_Peck_Lake                    4772 -10691   1
<NAME>FORT PECK LAKE<ID>PECK
 250                 47.350   48.033 -108.200 -106.200   47.600 -108.150
   47.617 -108.034   47.600 -107.967   47.583 -107.917   47.467 -107.867
   47.483 -107.850   47.550 -107.850   47.583 -107.734   47.650 -107.650
   47.667 -107.717   47.683 -107.734   47.667 -107.567   47.633 -107.450
   47.650 -107.434   47.683 -107.417   47.750 -107.334   47.717 -107.350
   47.683 -107.217   47.700 -107.100   47.683 -107.067   47.700 -106.917
   47.700 -106.900   47.733 -106.900   47.750 -106.984   47.767 -106.984
   47.783 -106.950   47.750 -106.900   47.767 -106.884   47.783 -106.884
   47.767 -106.834   47.783 -106.800   47.767 -106.767   47.800 -106.784
   47.817 -106.700   47.833 -106.717   47.817 -106.667   47.833 -106.650
   47.850 -106.617   47.850 -106.617   47.867 -106.567   47.883 -106.584
   47.883 -106.567   47.933 -106.550   47.933 -106.634   47.950 -106.634
   47.967 -106.567   47.983 -106.517   47.983 -106.484   47.983 -106.484
   48.033 -106.350   48.017 -106.334   48.000 -106.350   47.950 -106.284
   47.967 -106.350   47.950 -106.367   47.867 -106.350   47.850 -106.317
   47.817 -106.300   47.833 -106.217   47.800 -106.267   47.767 -106.267
   47.750 -106.234   47.733 -106.234   47.733 -106.250   47.650 -106.200
   47.617 -106.217   47.583 -106.200   47.500 -106.300   47.550 -106.284
   47.583 -106.234   47.617 -106.250   47.650 -106.234   47.683 -106.300
   47.700 -106.284   47.733 -106.300   47.750 -106.334   47.767 -106.300
   47.783 -106.317   47.783 -106.367   47.817 -106.367   47.867 -106.434
   47.883 -106.417   47.900 -106.434   47.917 -106.467   47.850 -106.484
   47.833 -106.484   47.817 -106.517   47.817 -106.550   47.767 -106.567
   47.717 -106.550   47.783 -106.617   47.733 -106.700   47.700 -106.700
   47.683 -106.750   47.733 -106.767   47.733 -106.834   47.717 -106.850
   47.717 -106.850   47.650 -106.834   47.600 -106.867   47.667 -106.850
   47.683 -106.867   47.667 -106.950   47.633 -106.967   47.617 -107.034
   47.650 -107.000   47.667 -107.017   47.667 -107.234   47.700 -107.384
   47.617 -107.417   47.650 -107.534   47.633 -107.650   47.567 -107.717
   47.517 -107.817   47.467 -107.834   47.450 -107.884   47.400 -107.884
   47.350 -107.950   47.500 -107.900   47.567 -107.917   47.583 -107.950
   47.600 -108.050   47.583 -108.150   47.600 -108.200   47.600 -108.150

B00000 Lake_Sakakawea                    4780 -10239   1
<NAME>LAKE SAKAKAWEA<ID>SAKAKAWEA
 226                 47.450   48.183 -103.817 -101.100   48.183 -102.984
   48.133 -102.700   48.033 -102.567   48.033 -102.517   47.933 -102.600
   47.900 -102.600   47.867 -102.634   47.833 -102.617   47.817 -102.584
   47.783 -102.434   47.817 -102.367   47.867 -102.417   47.967 -102.434
   47.967 -102.367   47.933 -102.317   47.983 -102.284   47.983 -102.234
   47.950 -102.284   47.933 -102.267   47.917 -102.300   47.817 -102.250
   47.750 -102.250   47.750 -102.200   47.733 -102.184   47.733 -102.100
   47.717 -102.117   47.717 -102.217   47.667 -102.200   47.650 -102.234
   47.617 -102.217   47.617 -102.150   47.550 -101.950   47.567 -101.917
   47.550 -101.867   47.567 -101.800   47.550 -101.650   47.567 -101.584
   47.600 -101.600   47.600 -101.567   47.600 -101.384   47.617 -101.350
   47.617 -101.267   47.650 -101.200   47.650 -101.150   47.633 -101.167
   47.583 -101.100   47.567 -101.117   47.583 -101.234   47.583 -101.234
   47.567 -101.250   47.550 -101.250   47.533 -101.284   47.533 -101.350
   47.500 -101.384   47.533 -101.500   47.483 -101.684   47.500 -101.750
   47.467 -101.817   47.483 -101.884   47.450 -101.900   47.467 -101.950
   47.500 -101.950   47.533 -102.067   47.533 -102.100   47.550 -102.084
   47.567 -102.150   47.600 -102.250   47.600 -102.317   47.583 -102.334
   47.583 -102.367   47.583 -102.400   47.533 -102.434   47.617 -102.417
   47.617 -102.300   47.717 -102.284   47.767 -102.334   47.750 -102.400
   47.767 -102.484   47.783 -102.600   47.817 -102.650   47.867 -102.667
   47.950 -102.650   47.983 -102.567   48.000 -102.567   48.000 -102.617
   48.067 -102.700   48.117 -102.800   48.133 -103.000   48.150 -103.050
   48.117 -103.184   48.050 -103.234   48.033 -103.367   48.000 -103.467
   48.000 -103.500   48.067 -103.567   48.117 -103.567   48.117 -103.617
   48.117 -103.617   48.017 -103.767   48.050 -103.767   48.083 -103.817
   48.100 -103.717   48.150 -103.634   48.150 -103.584   48.167 -103.567
   48.150 -103.534   48.067 -103.517   48.033 -103.467   48.083 -103.350
   48.083 -103.250   48.167 -103.184   48.183 -103.117   48.183 -102.984

B00000 Lake_Oahe                         4532 -10056   1
<NAME>LAKE OAHE<ID>OAHE
 310                 44.433   46.717 -101.217 -100.250   44.583 -100.517
   44.617 -100.467   44.567 -100.484   44.550 -100.467   44.483 -100.550
   44.483 -100.450   44.500 -100.417   44.483 -100.400   44.467 -100.384
   44.433 -100.400   44.450 -100.450   44.433 -100.567   44.467 -100.617
   44.517 -100.650   44.517 -100.617   44.550 -100.567   44.550 -100.634
   44.583 -100.684   44.667 -100.667   44.667 -100.684   44.700 -100.667
   44.733 -100.700   44.733 -100.750   44.733 -100.767   44.750 -100.784
   44.767 -100.850   44.750 -100.934   44.750 -100.950   44.717 -101.017
   44.733 -101.134   44.700 -101.200   44.700 -101.217   44.767 -101.150
   44.767 -101.000   44.783 -100.967   44.817 -100.984   44.833 -100.917
   44.800 -100.900   44.800 -100.850   44.850 -100.867   44.800 -100.800
   44.817 -100.767   44.833 -100.750   44.883 -100.784   44.883 -100.767
   44.883 -100.700   44.850 -100.667   44.850 -100.634   44.783 -100.584
   44.783 -100.584   44.783 -100.550   44.817 -100.534   44.900 -100.550
   44.850 -100.467   44.883 -100.434   45.050 -100.484   45.033 -100.434
   45.050 -100.384   45.050 -100.334   45.117 -100.350   45.183 -100.317
   45.200 -100.334   45.217 -100.300   45.250 -100.300   45.300 -100.334
   45.317 -100.367   45.350 -100.384   45.367 -100.500   45.333 -100.617
   45.333 -100.717   45.400 -100.450   45.350 -100.350   45.383 -100.300
   45.483 -100.384   45.500 -100.484   45.650 -100.617   45.650 -100.667
   45.683 -100.617   45.650 -100.567   45.600 -100.484   45.617 -100.450
   45.683 -100.417   45.683 -100.334   45.867 -100.417   45.867 -100.434
   45.883 -100.484   45.917 -100.550   46.000 -100.584   46.033 -100.617
   46.067 -100.617   46.100 -100.667   46.133 -100.650   46.167 -100.684
   46.217 -100.584   46.283 -100.584   46.333 -100.567   46.400 -100.584
   46.417 -100.617   46.417 -100.617   46.450 -100.600   46.567 -100.600
   46.617 -100.634   46.667 -100.784   46.717 -100.817   46.717 -100.817
   46.683 -100.734   46.683 -100.684   46.683 -100.684   46.667 -100.634
   46.617 -100.600   46.617 -100.550   46.583 -100.550   46.483 -100.550
   46.450 -100.567   46.333 -100.534   46.267 -100.567   46.233 -100.550
   46.150 -100.600   46.117 -100.550   46.083 -100.584   46.000 -100.534
   45.883 -100.400   45.917 -100.334   45.900 -100.317   45.833 -100.367
   45.733 -100.300   45.700 -100.300   45.633 -100.417   45.550 -100.450
   45.517 -100.417   45.483 -100.317   45.433 -100.300   45.383 -100.250
   45.317 -100.300   45.283 -100.267   45.233 -100.250   45.167 -100.267
   45.083 -100.317   45.067 -100.300   45.067 -100.250   45.000 -100.284
   45.017 -100.350   45.000 -100.400   44.950 -100.400   44.883 -100.384
   44.767 -100.500   44.733 -100.567   44.767 -100.617   44.800 -100.667
   44.783 -100.684   44.700 -100.600   44.617 -100.617   44.583 -100.600
   44.567 -100.550   44.583 -100.517
B00000 Lake_Francis_Case                 4352  -9917   1
<NAME>LAKE FRANCIS CASE<ID>FRANCIS CASE
 104                 43.050   43.983  -99.484  -98.550   43.917  -99.384
   43.983  -99.367   43.983  -99.334   43.950  -99.350   43.950  -99.350
   43.917  -99.350   43.850  -99.300   43.800  -99.367   43.767  -99.417
   43.717  -99.400   43.683  -99.450   43.667  -99.384   43.650  -99.350
   43.583  -99.334   43.517  -99.267   43.483  -99.300   43.483  -99.284
   43.450  -99.234   43.433  -99.150   43.317  -99.050   43.283  -98.984
   43.250  -98.884   43.183  -98.850   43.167  -98.767   43.167  -98.734
   43.100  -98.700   43.083  -98.567   43.050  -98.550   43.067  -98.717
   43.100  -98.750   43.133  -98.784   43.150  -98.884   43.183  -98.917
   43.217  -98.900   43.233  -98.900   43.283  -99.017   43.417  -99.184
   43.433  -99.267   43.467  -99.317   43.500  -99.334   43.533  -99.300
   43.567  -99.350   43.633  -99.367   43.650  -99.400   43.650  -99.467
   43.683  -99.484   43.700  -99.467   43.717  -99.417   43.783  -99.434
   43.800  -99.367   43.850  -99.317   43.917  -99.384
B00000 Great_Salt_Lake                   4118 -11253   1
<NAME>GREAT SALT LAKE<ID>GREAT SALT LAKE
 164                 40.667   41.700 -113.067 -111.917   41.133 -112.133
   41.167 -112.217   41.233 -112.250   41.283 -112.267   41.350 -112.250
   41.367 -112.283   41.417 -112.350   41.450 -112.417   41.417 -112.417
   41.383 -112.400   41.350 -112.417   41.267 -112.383   41.250 -112.400
   41.217 -112.400   41.200 -112.433   41.217 -112.483   41.267 -112.500
   41.333 -112.500   41.350 -112.550   41.433 -112.550   41.450 -112.600
   41.433 -112.633   41.467 -112.717   41.567 -112.800   41.600 -112.750
   41.667 -112.750   41.700 -112.817   41.700 -112.867   41.683 -112.867
   41.650 -112.917   41.650 -113.000   41.617 -113.033   41.550 -113.033
   41.517 -113.067   41.517 -113.067   41.450 -113.050   41.433 -113.000
   41.417 -113.017   41.367 -113.000   41.300 -113.000   41.283 -113.033
   41.267 -113.017   41.250 -112.950   41.267 -112.950   41.250 -112.883
   41.200 -112.833   41.117 -112.800   41.000 -112.767   40.967 -112.750
   40.950 -112.667   40.917 -112.650   40.900 -112.667   40.833 -112.633
   40.817 -112.633   40.767 -112.600   40.833 -112.550   40.883 -112.550
   40.933 -112.500   40.850 -112.467   40.800 -112.467   40.733 -112.400
   40.667 -112.383   40.717 -112.217   40.800 -112.133   40.833 -112.133
   40.883 -112.217   40.917 -112.217   40.950 -112.250   41.017 -112.233
   41.033 -112.267   41.050 -112.233   41.033 -112.183   40.983 -112.183
   40.933 -112.150   40.900 -112.167   40.867 -112.100   40.900 -112.050
   40.933 -111.917   40.983 -111.950   41.017 -111.983   41.033 -112.083
   41.133 -112.133
B00000 Lake_Tahoe                        3909 -12003   1
<NAME>LAKE TAHOE<ID>TAHOE
  34                 38.933   39.250 -120.167 -119.933   39.083 -120.167
   39.050 -120.117   39.017 -120.117   38.983 -120.100   38.950 -120.100
   38.933 -120.017   38.950 -119.967   39.000 -119.967   39.050 -119.950
   39.117 -119.950   39.150 -119.933   39.233 -119.933   39.250 -119.983
   39.217 -120.000   39.233 -120.067   39.183 -120.100   39.167 -120.133

B00000 Kentucky_Lake                     3637  -8806   1
<NAME>KENTUCKY LAKE<ID>KENTUCKY
  78                 35.933   37.017  -88.284  -87.900   36.967  -88.217
   36.867  -88.134   36.617  -88.034   36.517  -88.000   36.433  -88.034
   36.317  -87.950   36.183  -87.934   36.167  -87.900   36.100  -87.917
   36.033  -87.984   36.000  -88.000   35.950  -88.000   35.933  -87.967
   35.933  -88.017   35.967  -88.034   36.000  -88.000   36.050  -88.034
   36.067  -87.984   36.133  -87.934   36.317  -87.984   36.400  -88.050
   36.350  -88.084   36.250  -88.084   36.250  -88.100   36.300  -88.100
   36.300  -88.150   36.333  -88.134   36.383  -88.100   36.400  -88.117
   36.433  -88.084   36.533  -88.050   36.600  -88.067   36.617  -88.100
   36.650  -88.084   36.683  -88.084   36.717  -88.117   36.933  -88.217
   36.983  -88.284   37.017  -88.284
B00000 Wheeler_Lake                      3474  -8728   1
<NAME>WHEELER LAKE<ID>WHEELER
  42                 34.567   34.850  -87.700  -86.900   34.850  -87.517
   34.817  -87.434   34.817  -87.317   34.767  -87.284   34.767  -87.200
   34.700  -87.100   34.683  -87.000   34.633  -86.967   34.617  -86.934
   34.567  -86.900   34.683  -87.150   34.717  -87.150   34.733  -87.167
   34.750  -87.234   34.733  -87.267   34.800  -87.384   34.800  -87.450
   34.817  -87.550   34.800  -87.584   34.767  -87.700   34.783  -87.684

B00000 Calcasieu_Lake                    2992  -9332   1
<NAME>CALCASIEU LAKE<ID>CALCASIEU
  32                 29.833   30.067  -93.450  -93.233   29.867  -93.450
   29.833  -93.383   29.850  -93.333   29.833  -93.283   29.850  -93.250
   29.867  -93.233   29.917  -93.233   29.967  -93.283   30.033  -93.283
   30.067  -93.300   30.067  -93.317   30.000  -93.333   29.933  -93.350
   29.917  -93.333   29.883  -93.367   29.883  -93.417
B00000 Grand_Lake                        2990  -9275   1
<NAME>GRAND LAKE<ID>GRAND
  42                 29.833   29.967  -92.850  -92.650   29.950  -92.850
   29.933  -92.817   29.933  -92.783   29.917  -92.783   29.867  -92.850
   29.850  -92.850   29.833  -92.833   29.850  -92.817   29.833  -92.733
   29.833  -92.683   29.883  -92.667   29.883  -92.717   29.900  -92.700
   29.900  -92.733   29.917  -92.717   29.917  -92.683   29.900  -92.650
   29.933  -92.667   29.967  -92.750   29.950  -92.783   29.967  -92.817

B00000 White_Lake                        2974  -9248   1
<NAME>WHITE LAKE<ID>WHITE
  26                 29.667   29.817  -92.617  -92.400   29.783  -92.617
   29.717  -92.600   29.700  -92.533   29.667  -92.500   29.667  -92.467
   29.683  -92.417   29.717  -92.400   29.767  -92.400   29.783  -92.417
   29.783  -92.450   29.767  -92.500   29.800  -92.517   29.817  -92.550

B00000 Lake_Okeechobee                   2691  -8086   1
<NAME>LAKE OKEECHOBEE<ID>OKEECHOBEE
  56                 26.683   27.200  -81.100  -80.617   27.183  -80.750
   27.117  -80.667   26.950  -80.617   26.867  -80.633   26.800  -80.700
   26.750  -80.700   26.733  -80.717   26.767  -80.717   26.750  -80.750
   26.750  -80.733   26.683  -80.733   26.700  -80.817   26.750  -80.900
   26.850  -80.967   26.850  -80.983   26.883  -80.983   26.883  -81.050
   26.883  -81.067   26.950  -81.067   26.950  -81.100   26.967  -81.100
   27.017  -80.983   27.050  -80.950   27.067  -80.967   27.067  -80.917
   27.100  -80.917   27.183  -80.833   27.200  -80.800
B00000 Lake_Superior                     4754  -8777   1
<NAME>LAKE SUPERIOR<ID>SUPERIOR
 946                 46.400   49.017  -92.100  -84.350   48.050  -89.467
   48.033  -89.450   48.033  -89.500   48.000  -89.567   48.000  -89.533
   47.967  -89.600   47.983  -89.633   47.950  -89.633   47.967  -89.667
   47.950  -89.683   47.917  -89.733   47.883  -89.817   47.867  -89.883
   47.833  -89.967   47.800  -90.100   47.783  -90.200   47.750  -90.300
   47.733  -90.400   47.717  -90.450   47.700  -90.533   47.650  -90.650
   47.633  -90.717   47.583  -90.800   47.533  -90.900   47.483  -90.983
   47.450  -91.050   47.383  -91.133   47.317  -91.217   47.267  -91.283
   47.200  -91.367   47.133  -91.467   47.083  -91.583   47.033  -91.650
   47.000  -91.700   46.933  -91.800   46.900  -91.883   46.850  -91.967
   46.783  -92.100   46.783  -92.100   46.717  -92.050   46.683  -91.983
   46.683  -91.917   46.700  -91.883   46.683  -91.817   46.717  -91.717
   46.733  -91.633   46.767  -91.583   46.767  -91.500   46.800  -91.400
   46.833  -91.300   46.850  -91.250   46.883  -91.183   46.867  -91.200
   46.850  -91.167   46.883  -91.133   46.867  -91.117   46.900  -91.033
   46.950  -90.967   46.933  -90.933   46.967  -90.867   46.967  -90.833
   46.933  -90.833   46.933  -90.800   46.900  -90.767   46.833  -90.800
   46.750  -90.883   46.700  -90.850   46.683  -90.850   46.650  -90.917
   46.600  -90.933   46.583  -90.900   46.600  -90.867   46.617  -90.817
   46.650  -90.750   46.667  -90.767   46.667  -90.717   46.717  -90.767
   46.667  -90.717   46.633  -90.667   46.600  -90.600   46.583  -90.550
   46.583  -90.517   46.550  -90.450   46.600  -90.333   46.600  -90.300
   46.633  -90.200   46.650  -90.117   46.667  -90.050   46.683  -90.000
   46.733  -89.917   46.783  -89.867   46.817  -89.783   46.833  -89.700
   46.833  -89.650   46.817  -89.617   46.833  -89.550   46.850  -89.417
   46.883  -89.317   46.917  -89.217   46.967  -89.167   47.000  -89.117
   46.983  -89.083   47.000  -89.033   47.000  -88.983   47.017  -88.950
   47.050  -88.917   47.083  -88.900   47.100  -88.883   47.117  -88.833
   47.133  -88.817   47.150  -88.767   47.200  -88.700   47.217  -88.667
   47.250  -88.567   47.300  -88.500   47.367  -88.417   47.400  -88.317
   47.417  -88.283   47.433  -88.217   47.450  -88.183   47.467  -88.083
   47.483  -88.000   47.483  -87.917   47.467  -87.783   47.467  -87.783
   47.450  -87.717   47.400  -87.700   47.400  -87.750   47.383  -87.817
   47.383  -87.933   47.367  -87.967   47.350  -87.933   47.333  -87.950
   47.300  -88.050   47.250  -88.117   47.217  -88.150   47.200  -88.183
   47.200  -88.200   47.183  -88.233   47.133  -88.250   47.133  -88.283
   47.100  -88.300   47.067  -88.350   47.017  -88.367   46.983  -88.400
   46.967  -88.433   46.900  -88.467   46.833  -88.483   46.783  -88.467
   46.750  -88.500   46.750  -88.467   46.800  -88.433   46.833  -88.383
   46.850  -88.400   46.867  -88.383   46.850  -88.367   46.900  -88.300
   46.933  -88.233   46.967  -88.133   46.917  -88.183   46.883  -88.250
   46.833  -88.267   46.883  -88.217   46.883  -88.217   46.900  -88.167
   46.917  -88.083   46.900  -88.017   46.900  -87.900   46.883  -87.867
   46.883  -87.817   46.850  -87.733   46.817  -87.717   46.833  -87.683
   46.800  -87.650   46.800  -87.617   46.783  -87.600   46.717  -87.583
   46.683  -87.533   46.633  -87.467   46.600  -87.467   46.583  -87.433
   46.583  -87.383   46.567  -87.383   46.550  -87.367   46.533  -87.400
   46.500  -87.367   46.483  -87.267   46.500  -87.183   46.500  -87.117
   46.533  -87.017   46.517  -86.967   46.467  -86.933   46.467  -86.900
   46.433  -86.867   46.433  -86.833   46.467  -86.800   46.483  -86.767
   46.467  -86.733   46.433  -86.700   46.433  -86.650   46.400  -86.650
   46.483  -86.567   46.550  -86.467   46.550  -86.433   46.583  -86.333
   46.667  -86.150   46.650  -86.117   46.650  -86.083   46.683  -85.900
   46.683  -85.817   46.667  -85.600   46.667  -85.500   46.667  -85.500
   46.750  -85.267   46.767  -85.167   46.750  -85.083   46.767  -85.000
   46.767  -84.950   46.700  -85.033   46.550  -85.033   46.533  -85.050
   46.500  -85.050   46.483  -85.033   46.483  -84.933   46.467  -84.900
   46.467  -84.850   46.450  -84.833   46.450  -84.783   46.483  -84.683
   46.483  -84.633   46.433  -84.583   46.417  -84.600   46.417  -84.550
   46.433  -84.500   46.433  -84.467   46.467  -84.450   46.467  -84.517
   46.517  -84.550   46.533  -84.600   46.583  -84.583   46.667  -84.483
   46.683  -84.417   46.717  -84.450   46.733  -84.433   46.750  -84.450
   46.750  -84.483   46.683  -84.550   46.700  -84.567   46.733  -84.583
   46.733  -84.550   46.767  -84.550   46.767  -84.550   46.800  -84.533
   46.817  -84.550   46.817  -84.500   46.833  -84.483   46.833  -84.433
   46.817  -84.400   46.867  -84.350   46.900  -84.383   46.933  -84.450
   46.933  -84.483   46.917  -84.517   46.900  -84.500   46.883  -84.433
   46.883  -84.483   46.867  -84.533   46.883  -84.550   46.917  -84.517
   46.933  -84.550   46.933  -84.583   46.917  -84.600   46.883  -84.617
   46.917  -84.650   46.950  -84.650   46.967  -84.700   46.950  -84.717
   46.983  -84.783   47.050  -84.783   47.100  -84.717   47.133  -84.733
   47.150  -84.700   47.183  -84.700   47.233  -84.650   47.283  -84.600
   47.300  -84.600   47.350  -84.633   47.367  -84.700   47.400  -84.700
   47.467  -84.783   47.517  -84.917   47.533  -84.950   47.550  -84.950
   47.600  -85.033   47.600  -85.017   47.633  -85.017   47.667  -84.967
   47.700  -85.000   47.733  -84.950   47.783  -84.900   47.783  -84.900
   47.817  -84.950   47.850  -84.950   47.850  -84.917   47.900  -84.850
   47.933  -84.850   47.950  -84.883   47.933  -84.900   47.950  -84.917
   47.950  -85.083   47.950  -85.250   47.933  -85.350   47.917  -85.383
   47.917  -85.500   47.917  -85.633   47.933  -85.767   47.967  -85.850
   48.017  -85.900   48.083  -86.000   48.117  -86.033   48.233  -86.133
   48.267  -86.133   48.367  -86.200   48.383  -86.183   48.417  -86.233
   48.467  -86.233   48.550  -86.283   48.583  -86.283   48.617  -86.333
   48.650  -86.317   48.650  -86.350   48.717  -86.400   48.750  -86.433
   48.767  -86.433   48.750  -86.550   48.733  -86.550   48.733  -86.550
   48.733  -86.633   48.783  -86.617   48.800  -86.700   48.817  -86.717
   48.783  -86.750   48.783  -86.800   48.750  -86.833   48.750  -86.867
   48.800  -86.967   48.817  -86.950   48.800  -87.000   48.783  -87.000
   48.800  -87.033   48.783  -87.067   48.767  -87.150   48.783  -87.167
   48.767  -87.200   48.767  -87.300   48.800  -87.300   48.817  -87.400
   48.833  -87.417   48.850  -87.450   48.833  -87.550   48.883  -87.550
   48.850  -87.650   48.900  -87.683   48.900  -87.767   48.933  -87.783
   48.917  -87.833   48.933  -87.883   48.933  -87.933   48.983  -88.033
   49.017  -88.033   48.983  -88.083   49.000  -88.133   48.967  -88.167
   48.967  -88.250   49.000  -88.267   48.950  -88.267   48.933  -88.233
   48.900  -88.233   48.883  -88.250   48.833  -88.233   48.800  -88.117
   48.767  -88.100   48.817  -88.100   48.850  -88.000   48.867  -87.933
   48.867  -87.933   48.850  -87.850   48.850  -87.800   48.833  -87.750
   48.850  -87.700   48.800  -87.667   48.750  -87.600   48.733  -87.700
   48.750  -87.750   48.783  -87.717   48.800  -87.750   48.767  -87.783
   48.800  -87.817   48.750  -87.800   48.750  -87.850   48.767  -87.900
   48.750  -87.983   48.733  -88.017   48.700  -88.017   48.700  -88.050
   48.733  -88.100   48.700  -88.100   48.650  -88.150   48.583  -88.233
   48.600  -88.300   48.650  -88.317   48.650  -88.350   48.583  -88.333
   48.567  -88.300   48.550  -88.333   48.567  -88.350   48.533  -88.383
   48.533  -88.417   48.567  -88.433   48.517  -88.467   48.500  -88.500
   48.467  -88.483   48.467  -88.517   48.433  -88.517   48.433  -88.517
   48.400  -88.567   48.467  -88.567   48.483  -88.583   48.533  -88.550
   48.633  -88.417   48.667  -88.350   48.750  -88.317   48.783  -88.350
   48.800  -88.333   48.817  -88.350   48.850  -88.483   48.817  -88.500
   48.767  -88.550   48.733  -88.550   48.700  -88.517   48.683  -88.550
   48.633  -88.550   48.617  -88.583   48.617  -88.617   48.517  -88.650
   48.483  -88.667   48.500  -88.700   48.467  -88.700   48.400  -88.717
   48.350  -88.750   48.317  -88.900   48.300  -88.933   48.367  -88.900
   48.367  -88.867   48.400  -88.867   48.467  -88.833   48.550  -88.767
   48.567  -88.783   48.550  -88.867   48.517  -88.967   48.483  -89.150
   48.433  -89.217   48.317  -89.217   48.300  -89.233   48.233  -89.267
   48.167  -89.300   48.133  -89.317   48.117  -89.367   48.100  -89.350
   48.083  -89.383   48.083  -89.450   48.067  -89.417   48.050  -89.467

B00000 Lake_Michigan                     4461  -8662   1
<NAME>LAKE MICHIGAN<ID>MICHIGAN
 702                 41.617   46.100  -88.033  -84.733   45.817  -86.567
   45.850  -86.533   45.883  -86.550   45.900  -86.583   45.833  -86.650
   45.833  -86.717   45.867  -86.750   45.850  -86.783   45.800  -86.783
   45.767  -86.817   45.717  -86.850   45.700  -86.933   45.667  -86.967
   45.700  -86.983   45.783  -86.983   45.817  -87.000   45.883  -86.950
   45.900  -86.950   45.917  -86.967   45.867  -87.000   45.850  -87.000
   45.817  -87.050   45.767  -87.067   45.733  -87.050   45.683  -87.100
   45.667  -87.167   45.583  -87.233   45.500  -87.283   45.433  -87.333
   45.417  -87.333   45.333  -87.400   45.233  -87.483   45.183  -87.550
   45.150  -87.600   45.100  -87.600   45.083  -87.583   45.067  -87.617
   44.967  -87.633   44.967  -87.750   44.950  -87.817   44.917  -87.833
   44.883  -87.817   44.833  -87.867   44.817  -87.900   44.767  -87.917
   44.700  -87.983   44.617  -88.017   44.583  -87.983   44.583  -87.983
   44.617  -88.017   44.567  -88.017   44.550  -88.033   44.517  -87.950
   44.550  -87.900   44.600  -87.867   44.633  -87.800   44.633  -87.767
   44.667  -87.733   44.717  -87.717   44.833  -87.600   44.850  -87.550
   44.817  -87.550   44.850  -87.517   44.850  -87.483   44.883  -87.433
   44.833  -87.383   44.883  -87.383   44.900  -87.400   45.000  -87.350
   45.017  -87.317   45.033  -87.317   45.050  -87.283   45.067  -87.267
   45.133  -87.233   45.167  -87.233   45.150  -87.167   45.183  -87.167
   45.183  -87.117   45.217  -87.117   45.250  -87.100   45.250  -87.083
   45.283  -87.067   45.300  -87.050   45.283  -87.033   45.300  -87.000
   45.283  -86.967   45.250  -86.983   45.233  -86.967   45.217  -86.983
   45.233  -87.033   45.133  -87.033   45.150  -87.083   45.117  -87.050
   45.067  -87.067   45.083  -87.100   45.050  -87.083   45.067  -87.117
   45.067  -87.117   45.017  -87.133   44.967  -87.183   44.917  -87.167
   44.900  -87.217   44.867  -87.200   44.833  -87.267   44.800  -87.283
   44.783  -87.317   44.750  -87.317   44.683  -87.350   44.667  -87.367
   44.617  -87.400   44.600  -87.433   44.533  -87.467   44.450  -87.500
   44.367  -87.517   44.317  -87.550   44.283  -87.550   44.250  -87.517
   44.217  -87.500   44.183  -87.517   44.150  -87.550   44.133  -87.583
   44.100  -87.650   44.050  -87.650   44.000  -87.700   43.967  -87.700
   43.933  -87.717   43.867  -87.733   43.783  -87.717   43.767  -87.700
   43.683  -87.700   43.650  -87.717   43.583  -87.783   43.550  -87.800
   43.483  -87.800   43.450  -87.817   43.400  -87.867   43.350  -87.883
   43.317  -87.883   43.250  -87.917   43.167  -87.883   43.117  -87.900
   43.067  -87.867   43.033  -87.900   43.017  -87.900   42.967  -87.850
   42.900  -87.850   42.900  -87.850   42.867  -87.833   42.817  -87.800
   42.783  -87.750   42.750  -87.783   42.700  -87.783   42.633  -87.817
   42.533  -87.817   42.483  -87.800   42.450  -87.800   42.367  -87.817
   42.317  -87.833   42.250  -87.817   42.183  -87.783   42.117  -87.733
   42.067  -87.683   41.983  -87.650   41.900  -87.617   41.850  -87.617
   41.767  -87.567   41.733  -87.533   41.700  -87.517   41.667  -87.450
   41.683  -87.417   41.650  -87.433   41.633  -87.383   41.617  -87.317
   41.617  -87.267   41.633  -87.167   41.667  -87.050   41.717  -86.933
   41.767  -86.817   41.817  -86.717   41.883  -86.633   41.933  -86.583
   42.017  -86.550   42.117  -86.483   42.183  -86.417   42.267  -86.350
   42.400  -86.283   42.483  -86.250   42.550  -86.233   42.633  -86.233
   42.700  -86.200   42.900  -86.217   43.017  -86.233   43.067  -86.250
   43.133  -86.283   43.217  -86.333   43.217  -86.333   43.300  -86.383
   43.350  -86.417   43.433  -86.450   43.517  -86.483   43.567  -86.517
   43.617  -86.533   43.667  -86.533   43.700  -86.500   43.750  -86.450
   43.800  -86.433   43.867  -86.433   43.950  -86.450   43.983  -86.467
   44.033  -86.517   44.067  -86.517   44.117  -86.433   44.167  -86.400
   44.233  -86.350   44.300  -86.317   44.350  -86.267   44.417  -86.250
   44.483  -86.267   44.533  -86.233   44.583  -86.233   44.633  -86.250
   44.683  -86.267   44.700  -86.250   44.717  -86.200   44.717  -86.133
   44.733  -86.100   44.767  -86.067   44.900  -86.067   44.917  -86.050
   44.900  -86.000   44.967  -85.933   44.967  -85.917   44.933  -85.867
   44.933  -85.833   44.950  -85.800   45.050  -85.750   45.083  -85.683
   45.117  -85.667   45.183  -85.617   45.183  -85.567   45.217  -85.550
   45.183  -85.533   45.167  -85.550   45.133  -85.567   45.133  -85.567
   45.150  -85.583   45.117  -85.617   45.067  -85.567   44.967  -85.650
   44.983  -85.600   44.933  -85.600   44.917  -85.617   44.867  -85.650
   44.833  -85.650   44.800  -85.617   44.767  -85.633   44.767  -85.600
   44.817  -85.583   44.883  -85.533   44.900  -85.533   44.883  -85.567
   44.933  -85.533   44.967  -85.517   44.983  -85.500   44.967  -85.467
   44.950  -85.483   44.850  -85.500   44.817  -85.550   44.783  -85.567
   44.750  -85.567   44.750  -85.533   44.800  -85.500   44.817  -85.467
   44.900  -85.417   44.967  -85.383   45.033  -85.383   45.067  -85.367
   45.117  -85.367   45.167  -85.383   45.250  -85.383   45.267  -85.367
   45.317  -85.300   45.317  -85.267   45.350  -85.217   45.367  -85.150
   45.367  -85.000   45.400  -84.917   45.417  -84.917   45.433  -85.033
   45.450  -85.067   45.483  -85.100   45.550  -85.117   45.585  -85.119
   45.635  -85.066   45.649  -85.002   45.686  -84.981   45.718  -84.933
   45.767  -85.000   45.750  -84.899   45.750  -84.784   45.769  -84.768
   45.783  -84.782   45.783  -84.754   45.785  -84.753   45.851  -84.733
   45.847  -84.764   45.867  -84.800   45.867  -84.833   45.900  -84.833
   45.917  -84.900   45.950  -84.933   46.000  -85.000   46.033  -85.100
   46.050  -85.150   46.050  -85.250   46.083  -85.333   46.067  -85.383
   46.100  -85.417   46.083  -85.450   46.100  -85.483   46.083  -85.533
   46.033  -85.600   45.967  -85.650   45.950  -85.683   45.983  -85.800
   45.967  -85.833   45.967  -85.917   45.917  -85.917   45.950  -86.000
   45.967  -86.117   45.950  -86.150   45.967  -86.200   45.950  -86.217
   45.950  -86.250   45.900  -86.317   45.783  -86.367   45.783  -86.417
   45.750  -86.450   45.750  -86.517   45.700  -86.533   45.717  -86.583
   45.667  -86.583   45.667  -86.633   45.633  -86.617   45.600  -86.617
   45.633  -86.683   45.667  -86.700   45.717  -86.650   45.767  -86.633
   45.767  -86.583   45.817  -86.567
B00000 Lake_Huron                        4519  -8225   1
<NAME>LAKE HURON<ID>HURON
1016                 43.000   46.333  -84.756  -79.717   46.083  -83.583
   46.050  -83.550   46.017  -83.533   45.983  -83.467   45.917  -83.517
   45.917  -83.600   45.933  -83.617   45.950  -83.617   45.933  -83.667
   45.933  -83.750   45.950  -83.767   45.933  -83.783   45.950  -83.800
   45.950  -83.833   45.967  -83.850   45.967  -83.883   45.983  -83.883
   45.967  -83.917   45.967  -83.983   45.950  -84.000   45.967  -84.033
   45.967  -84.100   45.983  -84.117   45.967  -84.183   45.983  -84.233
   45.983  -84.283   45.967  -84.283   45.950  -84.333   45.933  -84.383
   45.950  -84.417   45.950  -84.433   45.967  -84.417   45.983  -84.433
   46.000  -84.400   46.000  -84.450   45.967  -84.467   46.000  -84.483
   46.000  -84.500   45.967  -84.517   46.017  -84.533   46.033  -84.567
   46.033  -84.617   46.050  -84.667   46.017  -84.683   45.967  -84.683
   45.967  -84.717   45.950  -84.733   45.917  -84.717   45.901  -84.734
   45.849  -84.700   45.851  -84.733   45.785  -84.753   45.851  -84.733
   45.783  -84.756   45.783  -84.733   45.717  -84.567   45.650  -84.467
   45.667  -84.417   45.650  -84.367   45.667  -84.317   45.633  -84.217
   45.567  -84.117   45.517  -84.117   45.500  -84.083   45.500  -83.950
   45.483  -83.900   45.433  -83.833   45.417  -83.800   45.400  -83.750
   45.417  -83.717   45.367  -83.633   45.350  -83.567   45.350  -83.500
   45.367  -83.500   45.300  -83.433   45.267  -83.383   45.250  -83.383
   45.250  -83.417   45.167  -83.367   45.133  -83.317   45.083  -83.300
   45.050  -83.317   45.050  -83.283   45.017  -83.267   45.050  -83.367
   45.083  -83.367   45.050  -83.450   45.017  -83.450   44.933  -83.433
   44.900  -83.383   44.883  -83.317   44.850  -83.333   44.817  -83.300
   44.817  -83.300   44.750  -83.300   44.717  -83.283   44.667  -83.283
   44.583  -83.317   44.533  -83.300   44.467  -83.317   44.333  -83.333
   44.317  -83.367   44.283  -83.417   44.250  -83.450   44.267  -83.450
   44.283  -83.467   44.283  -83.500   44.217  -83.550   44.150  -83.567
   44.100  -83.567   44.067  -83.583   44.050  -83.567   44.067  -83.633
   44.033  -83.683   44.017  -83.683   43.983  -83.667   44.000  -83.700
   44.000  -83.733   43.983  -83.767   44.000  -83.833   43.917  -83.900
   43.850  -83.917   43.767  -83.933   43.767  -83.950   43.717  -83.933
   43.667  -83.900   43.650  -83.867   43.650  -83.833   43.633  -83.800
   43.617  -83.733   43.583  -83.683   43.617  -83.633   43.717  -83.517
   43.700  -83.500   43.733  -83.467   43.800  -83.417   43.833  -83.383
   43.850  -83.383   43.883  -83.333   43.900  -83.333   43.917  -83.400
   43.917  -83.317   43.917  -83.317   43.933  -83.283   43.983  -83.267
   43.983  -83.183   44.000  -83.133   44.017  -83.050   44.050  -83.033
   44.067  -82.967   44.067  -82.900   44.033  -82.800   43.983  -82.733
   43.933  -82.700   43.883  -82.667   43.850  -82.633   43.783  -82.617
   43.700  -82.600   43.617  -82.600   43.550  -82.583   43.433  -82.533
   43.333  -82.533   43.217  -82.517   43.167  -82.500   43.100  -82.483
   43.000  -82.417   43.017  -82.383   43.033  -82.300   43.033  -82.233
   43.067  -82.150   43.100  -82.133   43.117  -82.067   43.167  -82.017
   43.217  -82.017   43.217  -81.967   43.250  -81.867   43.283  -81.800
   43.350  -81.733   43.400  -81.700   43.433  -81.717   43.483  -81.717
   43.533  -81.700   43.650  -81.717   43.700  -81.733   43.783  -81.717
   43.917  -81.717   43.967  -81.733   44.033  -81.733   44.083  -81.767
   44.117  -81.717   44.183  -81.633   44.183  -81.633   44.250  -81.600
   44.333  -81.600   44.333  -81.567   44.417  -81.500   44.433  -81.417
   44.500  -81.383   44.550  -81.333   44.600  -81.283   44.650  -81.267
   44.700  -81.317   44.700  -81.283   44.767  -81.283   44.767  -81.300
   44.800  -81.300   44.817  -81.317   44.917  -81.383   44.967  -81.350
   44.967  -81.383   44.983  -81.367   45.000  -81.400   44.967  -81.433
   45.033  -81.467   45.083  -81.517   45.117  -81.533   45.150  -81.583
   45.167  -81.600   45.183  -81.583   45.183  -81.617   45.200  -81.700
   45.217  -81.700   45.217  -81.733   45.267  -81.667   45.250  -81.617
   45.250  -81.583   45.233  -81.467   45.250  -81.300   45.217  -81.283
   45.183  -81.333   45.133  -81.333   45.117  -81.283   45.083  -81.267
   45.017  -81.283   44.983  -81.250   45.000  -81.233   45.000  -81.200
   44.967  -81.217   44.967  -81.133   44.950  -81.117   44.950  -81.117
   44.900  -81.167   44.917  -81.100   44.900  -81.083   44.883  -81.083
   44.917  -81.033   44.950  -81.050   44.967  -81.033   44.967  -80.983
   44.950  -80.967   44.900  -81.033   44.883  -81.000   44.833  -81.033
   44.783  -81.117   44.767  -81.117   44.783  -81.083   44.817  -80.983
   44.800  -80.950   44.800  -80.900   44.767  -80.883   44.650  -80.933
   44.583  -80.950   44.617  -80.917   44.633  -80.867   44.683  -80.833
   44.717  -80.783   44.733  -80.700   44.717  -80.633   44.633  -80.617
   44.600  -80.550   44.600  -80.500   44.550  -80.417   44.533  -80.283
   44.517  -80.250   44.500  -80.233   44.500  -80.183   44.467  -80.117
   44.483  -80.067   44.550  -80.000   44.617  -80.000   44.667  -79.983
   44.717  -80.033   44.750  -80.133   44.800  -80.133   44.817  -80.083
   44.800  -80.067   44.800  -80.050   44.817  -80.050   44.850  -80.033
   44.850  -80.033   44.867  -79.967   44.867  -79.917   44.833  -79.917
   44.800  -79.950   44.817  -79.883   44.800  -79.867   44.767  -79.883
   44.750  -79.850   44.767  -79.850   44.767  -79.800   44.733  -79.800
   44.767  -79.767   44.733  -79.733   44.783  -79.717   44.783  -79.750
   44.817  -79.783   44.833  -79.783   44.867  -79.833   44.867  -79.867
   44.833  -79.883   44.883  -79.883   44.900  -79.833   44.933  -79.817
   44.967  -79.867   44.933  -79.917   44.983  -79.950   45.000  -79.933
   45.000  -79.967   45.033  -80.017   45.050  -80.000   45.067  -80.067
   45.083  -80.083   45.083  -80.050   45.117  -80.083   45.117  -80.017
   45.167  -80.067   45.200  -80.067   45.183  -80.117   45.200  -80.133
   45.233  -80.133   45.250  -80.150   45.217  -80.183   45.283  -80.233
   45.317  -80.233   45.317  -80.167   45.300  -80.100   45.350  -80.100
   45.333  -80.033   45.333  -80.033   45.400  -80.083   45.400  -80.133
   45.383  -80.167   45.383  -80.217   45.367  -80.183   45.333  -80.167
   45.350  -80.217   45.333  -80.233   45.350  -80.267   45.350  -80.300
   45.383  -80.333   45.367  -80.350   45.400  -80.350   45.417  -80.333
   45.433  -80.383   45.450  -80.400   45.567  -80.383   45.583  -80.417
   45.550  -80.500   45.583  -80.500   45.600  -80.517   45.617  -80.500
   45.633  -80.583   45.650  -80.583   45.667  -80.600   45.683  -80.583
   45.717  -80.633   45.767  -80.633   45.800  -80.683   45.817  -80.667
   45.817  -80.717   45.850  -80.733   45.933  -80.750   45.900  -80.800
   45.933  -80.800   45.917  -80.850   45.950  -80.900   45.933  -80.917
   45.917  -80.983   45.933  -81.017   45.950  -81.017   45.933  -81.083
   45.950  -81.117   45.917  -81.150   45.933  -81.183   45.983  -81.150
   46.000  -81.167   45.983  -81.167   45.983  -81.167   45.983  -81.200
   45.950  -81.200   45.967  -81.233   45.950  -81.267   45.967  -81.300
   45.967  -81.350   45.983  -81.383   45.983  -81.450   45.950  -81.533
   46.017  -81.500   45.950  -81.633   45.933  -81.650   45.917  -81.683
   45.933  -81.700   46.000  -81.567   46.000  -81.667   46.017  -81.717
   46.033  -81.667   46.033  -81.617   46.050  -81.550   46.050  -81.617
   46.067  -81.650   46.067  -81.717   46.017  -81.750   45.967  -81.717
   45.983  -81.767   45.967  -81.800   46.000  -81.850   46.000  -81.850
   45.983  -81.917   46.000  -81.933   46.000  -81.950   46.050  -81.950
   46.067  -81.817   46.033  -81.783   46.067  -81.783   46.083  -81.733
   46.117  -81.717   46.100  -81.800   46.100  -82.033   46.117  -82.183
   46.133  -82.217   46.133  -82.300   46.167  -82.367   46.183  -82.317
   46.183  -82.433   46.167  -82.467   46.200  -82.467   46.167  -82.533
   46.167  -82.683   46.200  -82.683   46.183  -82.800   46.183  -82.950
   46.167  -82.967   46.167  -83.050   46.200  -83.100   46.183  -83.133
   46.217  -83.317   46.233  -83.383   46.250  -83.567   46.283  -83.600
   46.267  -83.633   46.267  -83.700   46.300  -83.750   46.283  -83.800
   46.300  -83.867   46.333  -83.883   46.333  -83.933   46.300  -83.917
   46.250  -83.883   46.267  -83.833   46.267  -83.833   46.233  -83.833
   46.233  -83.817   46.217  -83.800   46.233  -83.783   46.217  -83.767
   46.200  -83.800   46.183  -83.783   46.167  -83.800   46.133  -83.817
   46.133  -83.850   46.167  -83.867   46.150  -83.883   46.100  -83.883
   46.067  -83.917   46.067  -83.950   46.100  -83.950   46.133  -83.983
   46.167  -84.000   46.183  -84.050   46.250  -84.100   46.233  -84.150
   46.250  -84.200   46.200  -84.267   46.167  -84.233   46.167  -84.200
   46.183  -84.183   46.183  -84.150   46.167  -84.133   46.183  -84.117
   46.150  -84.100   46.150  -84.050   46.133  -84.033   46.100  -84.067
   46.050  -84.000   46.017  -83.967   46.033  -83.950   46.017  -83.917
   45.983  -83.883   46.017  -83.833   45.983  -83.817   45.983  -83.800
   46.033  -83.717   46.033  -83.667   46.067  -83.667   46.083  -83.717
   46.100  -83.717   46.100  -83.617   46.083  -83.583
B00000 Lake_St._Clair                    4249  -8266   1
<NAME>LAKE ST. CLAIR<ID>ST CLAIR
  84                 42.300   42.700  -83.017  -82.417   42.333  -83.017
   42.333  -82.883   42.300  -82.767   42.300  -82.617   42.317  -82.567
   42.300  -82.500   42.317  -82.450   42.367  -82.417   42.417  -82.417
   42.433  -82.433   42.450  -82.417   42.483  -82.417   42.483  -82.450
   42.467  -82.467   42.500  -82.483   42.483  -82.517   42.500  -82.533
   42.500  -82.600   42.517  -82.600   42.550  -82.633   42.567  -82.617
   42.583  -82.633   42.567  -82.683   42.600  -82.650   42.600  -82.683
   42.617  -82.683   42.633  -82.633   42.667  -82.617   42.667  -82.650
   42.700  -82.683   42.650  -82.783   42.650  -82.817   42.617  -82.817
   42.600  -82.800   42.567  -82.783   42.567  -82.833   42.500  -82.883
   42.467  -82.883   42.450  -82.867   42.383  -82.900   42.350  -82.933
   42.350  -82.967
B00000 Lake_Erie                         4214  -8143   1
<NAME>LAKE ERIE<ID>ERIE
 382                 41.383   42.900  -83.483  -78.850   41.483  -82.683
   41.450  -82.650   41.400  -82.567   41.383  -82.517   41.383  -82.467
   41.433  -82.350   41.433  -82.267   41.467  -82.183   41.500  -82.067
   41.517  -82.000   41.500  -81.967   41.483  -81.917   41.483  -81.850
   41.500  -81.800   41.483  -81.750   41.550  -81.600   41.600  -81.550
   41.633  -81.483   41.717  -81.367   41.767  -81.267   41.783  -81.200
   41.850  -81.000   41.900  -80.800   41.950  -80.600   42.000  -80.450
   42.050  -80.283   42.083  -80.217   42.133  -80.100   42.167  -80.000
   42.200  -79.950   42.233  -79.867   42.267  -79.767   42.317  -79.650
   42.383  -79.517   42.417  -79.450   42.450  -79.417   42.483  -79.367
   42.517  -79.283   42.533  -79.250   42.550  -79.150   42.617  -79.117
   42.650  -79.067   42.667  -79.067   42.700  -79.033   42.717  -78.967
   42.733  -78.950   42.750  -78.900   42.783  -78.850   42.783  -78.850
   42.850  -78.867   42.900  -78.900   42.883  -78.933   42.867  -79.083
   42.833  -79.083   42.867  -79.117   42.867  -79.200   42.883  -79.250
   42.867  -79.283   42.867  -79.333   42.850  -79.350   42.867  -79.367
   42.867  -79.450   42.833  -79.483   42.850  -79.533   42.833  -79.550
   42.867  -79.567   42.833  -79.633   42.833  -79.633   42.867  -79.700
   42.850  -79.717   42.833  -79.817   42.817  -79.917   42.800  -79.983
   42.800  -80.050   42.783  -80.083   42.783  -80.200   42.767  -80.233
   42.683  -80.333   42.650  -80.333   42.667  -80.383   42.617  -80.450
   42.583  -80.433   42.600  -80.417   42.583  -80.383   42.600  -80.333
   42.583  -80.333   42.600  -80.283   42.567  -80.233   42.567  -80.133
   42.550  -80.050   42.533  -80.150   42.550  -80.267   42.583  -80.400
   42.583  -80.433   42.567  -80.517   42.567  -80.600   42.583  -80.650
   42.583  -80.650   42.617  -80.733   42.633  -80.783   42.650  -80.850
   42.650  -81.033   42.667  -81.233   42.650  -81.300   42.633  -81.367
   42.600  -81.400   42.600  -81.433   42.583  -81.467   42.567  -81.517
   42.517  -81.600   42.450  -81.700   42.383  -81.817   42.333  -81.833
   42.267  -81.833   42.250  -81.850   42.267  -82.000   42.250  -82.083
   42.233  -82.117   42.183  -82.217   42.117  -82.400   42.067  -82.467
   42.017  -82.500   41.917  -82.500   41.967  -82.533   42.017  -82.583
   42.033  -82.633   42.033  -82.717   42.000  -82.800   41.983  -82.900
   41.983  -82.950   42.033  -83.033   42.050  -83.117   42.133  -83.117
   42.133  -83.117   42.100  -83.150   42.117  -83.183   42.083  -83.200
   42.017  -83.183   41.950  -83.250   41.933  -83.267   41.950  -83.300
   41.917  -83.333   41.883  -83.333   41.867  -83.383   41.817  -83.433
   41.783  -83.433   41.733  -83.417   41.783  -83.433   41.800  -83.450
   41.767  -83.450   41.767  -83.467   41.750  -83.483   41.717  -83.483
   41.733  -83.450   41.683  -83.483   41.700  -83.450   41.683  -83.367
   41.700  -83.333   41.633  -83.200   41.617  -83.117   41.600  -83.067
   41.550  -83.017   41.517  -82.950   41.517  -82.900   41.550  -82.850
   41.583  -82.850   41.567  -82.817   41.533  -82.783   41.550  -82.733
   41.533  -82.717   41.500  -82.717   41.517  -82.733   41.500  -82.767
   41.500  -82.800   41.483  -82.817   41.500  -82.833   41.483  -82.900
   41.483  -82.967   41.450  -83.033   41.450  -83.000   41.433  -82.983
   41.450  -82.967   41.417  -82.933   41.450  -82.850   41.467  -82.833
   41.467  -82.800   41.450  -82.767   41.450  -82.733   41.467  -82.700
   41.450  -82.683   41.450  -82.650
B00000 Lake_Ontario                      4380  -7743   1
<NAME>LAKE ONTARIO<ID>ONTARIO
 314                 43.183   44.550  -79.800  -75.733   44.000  -77.600
   43.983  -77.567   44.000  -77.517   44.033  -77.600   44.017  -77.667
   44.033  -77.700   44.017  -77.733   44.000  -77.667   43.983  -77.717
   44.017  -77.750   44.000  -77.800   43.983  -77.867   43.967  -77.983
   43.967  -78.050   43.950  -78.183   43.950  -78.267   43.900  -78.467
   43.900  -78.633   43.867  -78.700   43.867  -78.800   43.850  -78.867
   43.850  -78.933   43.817  -79.017   43.800  -79.117   43.767  -79.133
   43.733  -79.200   43.667  -79.283   43.617  -79.383   43.633  -79.400
   43.633  -79.467   43.600  -79.483   43.583  -79.533   43.533  -79.600
   43.500  -79.600   43.433  -79.667   43.383  -79.717   43.317  -79.800
   43.317  -79.800   43.283  -79.783   43.250  -79.750   43.233  -79.667
   43.233  -79.617   43.200  -79.533   43.200  -79.400   43.183  -79.350
   43.183  -79.317   43.217  -79.233   43.233  -79.217   43.233  -79.183
   43.267  -79.133   43.267  -79.067   43.300  -78.917   43.333  -78.767
   43.367  -78.583   43.383  -78.367   43.367  -78.250   43.367  -78.200
   43.383  -78.100   43.367  -77.967   43.333  -77.717   43.283  -77.650
   43.250  -77.583   43.233  -77.533   43.267  -77.433   43.283  -77.367
   43.283  -77.083   43.267  -77.033   43.267  -76.967   43.300  -76.883
   43.300  -76.800   43.333  -76.733   43.350  -76.683   43.417  -76.617
   43.467  -76.533   43.467  -76.500   43.517  -76.417   43.517  -76.283
   43.533  -76.233   43.550  -76.217   43.600  -76.200   43.667  -76.200
   43.817  -76.233   43.833  -76.300   43.867  -76.283   43.883  -76.233
   43.883  -76.233   43.867  -76.233   43.867  -76.200   43.900  -76.133
   43.933  -76.133   43.967  -76.117   43.967  -76.200   44.000  -76.217
   43.967  -76.267   44.000  -76.267   44.017  -76.300   44.067  -76.283
   44.067  -76.317   44.117  -76.367   44.167  -76.267   44.183  -76.250
   44.217  -76.183   44.250  -76.083   44.267  -76.017   44.333  -75.917
   44.367  -75.883   44.367  -75.850   44.383  -75.850   44.400  -75.817
   44.400  -75.800   44.450  -75.767   44.467  -75.783   44.550  -75.733
   44.483  -75.833   44.383  -75.933   44.350  -76.050   44.350  -76.083
   44.317  -76.200   44.300  -76.300   44.267  -76.350   44.233  -76.450
   44.217  -76.550   44.217  -76.700   44.117  -76.917   44.067  -76.967
   44.050  -77.067   44.033  -77.017   44.067  -76.933   44.100  -76.883
   44.117  -76.833   44.083  -76.850   44.067  -76.883   44.033  -76.900
   44.017  -76.967   44.017  -76.967   43.983  -76.983   43.950  -77.033
   43.917  -77.033   43.933  -77.000   43.933  -76.950   43.950  -76.867
   43.933  -76.867   43.900  -76.967   43.883  -77.050   43.850  -77.117
   43.850  -77.150   43.867  -77.167   43.850  -77.217   43.867  -77.233
   43.883  -77.217   43.900  -77.233   43.900  -77.283   43.950  -77.333
   43.933  -77.417   43.933  -77.483   43.983  -77.567   44.000  -77.600

B00000 Lake_of_the_Woods                 4936  -9463   1
<NAME>LAKE OF THE WOODS<ID>LAKE OF THE WOODS
 390                 48.850   49.767  -95.317  -93.967   49.367  -95.117
   49.350  -95.067   49.350  -94.983   49.317  -94.933   49.267  -94.933
   49.200  -94.950   49.150  -95.117   49.183  -95.150   49.167  -95.250
   49.117  -95.283   49.033  -95.267   49.033  -95.217   49.000  -95.217
   49.000  -95.317   48.933  -95.300   48.883  -95.233   48.900  -95.133
   48.967  -95.050   48.983  -94.967   48.933  -94.900   48.867  -94.850
   48.850  -94.783   48.850  -94.683   48.883  -94.633   48.950  -94.583
   48.967  -94.467   49.000  -94.450   49.033  -94.367   49.083  -94.333
   49.133  -94.317   49.133  -94.233   49.100  -94.217   49.083  -94.183
   49.117  -94.100   49.100  -94.067   49.133  -94.083   49.150  -94.033
   49.150  -93.983   49.167  -93.967   49.200  -93.967   49.183  -94.067
   49.183  -94.183   49.217  -94.200   49.183  -94.233   49.183  -94.283
   49.200  -94.267   49.250  -94.267   49.283  -94.333   49.283  -94.333
   49.267  -94.400   49.233  -94.450   49.233  -94.500   49.200  -94.450
   49.200  -94.500   49.167  -94.433   49.167  -94.533   49.100  -94.617
   49.100  -94.567   49.133  -94.517   49.100  -94.533   49.067  -94.500
   49.017  -94.550   49.050  -94.583   49.050  -94.633   49.100  -94.617
   49.117  -94.667   49.083  -94.700   49.183  -94.767   49.167  -94.733
   49.200  -94.650   49.183  -94.617   49.200  -94.567   49.183  -94.533
   49.200  -94.500   49.233  -94.500   49.267  -94.517   49.300  -94.550
   49.317  -94.633   49.333  -94.617   49.333  -94.583   49.367  -94.567
   49.350  -94.617   49.367  -94.650   49.383  -94.700   49.333  -94.717
   49.367  -94.750   49.333  -94.783   49.350  -94.833   49.367  -94.783
   49.417  -94.767   49.417  -94.700   49.433  -94.667   49.450  -94.733
   49.483  -94.683   49.467  -94.650   49.467  -94.550   49.483  -94.517
   49.483  -94.517   49.500  -94.417   49.467  -94.467   49.467  -94.383
   49.483  -94.317   49.467  -94.217   49.450  -94.250   49.400  -94.283
   49.417  -94.217   49.400  -94.200   49.367  -94.217   49.317  -94.200
   49.283  -94.067   49.250  -94.033   49.283  -94.017   49.333  -94.017
   49.367  -94.050   49.400  -94.100   49.433  -94.133   49.450  -94.167
   49.483  -94.167   49.483  -94.233   49.500  -94.200   49.517  -94.233
   49.517  -94.317   49.550  -94.317   49.567  -94.383   49.600  -94.400
   49.600  -94.317   49.633  -94.367   49.633  -94.317   49.667  -94.267
   49.700  -94.367   49.717  -94.350   49.717  -94.467   49.767  -94.483
   49.767  -94.550   49.733  -94.567   49.700  -94.517   49.650  -94.600
   49.650  -94.667   49.700  -94.617   49.717  -94.583   49.717  -94.717
   49.700  -94.867   49.683  -94.833   49.667  -94.867   49.667  -94.933
   49.650  -94.900   49.650  -94.900   49.633  -94.917   49.650  -94.850
   49.650  -94.817   49.617  -94.850   49.617  -94.783   49.583  -94.833
   49.567  -94.933   49.583  -95.000   49.600  -94.983   49.583  -94.950
   49.617  -94.950   49.633  -95.000   49.633  -95.067   49.617  -95.117
   49.650  -95.100   49.650  -95.150   49.617  -95.200   49.600  -95.150
   49.583  -95.183   49.583  -95.133   49.533  -95.100   49.500  -95.150
   49.450  -95.150   49.450  -95.067   49.483  -95.033   49.500  -94.950
   49.517  -94.933   49.533  -94.850   49.550  -94.883   49.583  -94.833
   49.583  -94.767   49.617  -94.733   49.633  -94.650   49.633  -94.617
   49.600  -94.633   49.567  -94.700   49.567  -94.650   49.533  -94.733
   49.500  -94.800   49.517  -94.817   49.483  -94.833   49.467  -94.867
   49.467  -94.917   49.450  -94.950   49.433  -94.900   49.417  -94.933
   49.400  -94.900   49.400  -94.967
B00000 Rainy_Lake                        4860  -9297   1
<NAME>RAINY LAKE<ID>RAINY LAKE
 194                 48.417   48.950  -93.483  -92.450   48.483  -92.650
   48.483  -92.700   48.500  -92.700   48.500  -92.633   48.533  -92.617
   48.550  -92.567   48.567  -92.600   48.567  -92.650   48.583  -92.683
   48.567  -92.733   48.600  -92.717   48.600  -92.833   48.617  -92.883
   48.633  -92.850   48.650  -92.883   48.683  -92.783   48.667  -92.883
   48.667  -93.000   48.700  -92.900   48.700  -92.950   48.667  -93.117
   48.683  -93.167   48.667  -93.217   48.667  -93.283   48.733  -93.167
   48.750  -93.217   48.783  -93.167   48.817  -93.217   48.817  -93.267
   48.850  -93.300   48.917  -93.300   48.950  -93.317   48.917  -93.350
   48.933  -93.400   48.900  -93.483   48.883  -93.417   48.867  -93.467
   48.850  -93.417   48.833  -93.400   48.817  -93.450   48.800  -93.400
   48.767  -93.350   48.750  -93.367   48.717  -93.317   48.683  -93.367
   48.717  -93.400   48.683  -93.417   48.650  -93.400   48.667  -93.350
   48.617  -93.367   48.617  -93.267   48.600  -93.217   48.600  -93.167
   48.567  -93.200   48.550  -93.083   48.567  -93.133   48.600  -93.150
   48.600  -93.050   48.583  -93.067   48.600  -92.983   48.600  -92.933
   48.567  -92.983   48.533  -92.833   48.533  -92.650   48.500  -92.633
   48.500  -92.700   48.483  -92.700   48.467  -92.750   48.450  -92.867
   48.467  -92.850   48.467  -92.917   48.533  -93.050   48.517  -93.100
   48.483  -93.050   48.450  -93.050   48.450  -93.017   48.417  -92.983
   48.433  -92.950   48.433  -92.867   48.417  -92.783   48.433  -92.800
   48.433  -92.767   48.417  -92.750   48.433  -92.717   48.417  -92.683
   48.433  -92.683   48.433  -92.600   48.417  -92.567   48.433  -92.550
   48.433  -92.483   48.450  -92.450   48.467  -92.450   48.467  -92.567
   48.483  -92.617   48.467  -92.600   48.467  -92.667   48.483  -92.650

B00000 Cedar/Moose_Lake                  5363 -10009   1
<NAME>CEDAR/MOOSE LAKE<ID>CEDAR/MOOSE
 366                 53.033   54.250 -100.934  -99.334   53.100  -99.417
   53.050  -99.384   53.033  -99.534   53.050  -99.550   53.083  -99.567
   53.083  -99.517   53.100  -99.500   53.100  -99.584   53.100  -99.584
   53.133  -99.567   53.183  -99.600   53.200  -99.634   53.200  -99.650
   53.167  -99.667   53.150  -99.617   53.133  -99.634   53.133  -99.684
   53.117  -99.734   53.133  -99.734   53.167  -99.750   53.133  -99.784
   53.117  -99.800   53.083  -99.917   53.100 -100.034   53.133 -100.084
   53.150 -100.300   53.233 -100.384   53.267 -100.384   53.300 -100.417
   53.300 -100.434   53.267 -100.484   53.300 -100.550   53.333 -100.617
   53.350 -100.617   53.350 -100.700   53.400 -100.800   53.400 -100.850
   53.433 -100.884   53.450 -100.934   53.483 -100.917   53.500 -100.850
   53.533 -100.817   53.517 -100.784   53.533 -100.734   53.483 -100.684
   53.500 -100.650   53.467 -100.617   53.467 -100.600   53.533 -100.567
   53.533 -100.567   53.533 -100.634   53.550 -100.667   53.567 -100.667
   53.583 -100.650   53.600 -100.584   53.583 -100.584   53.550 -100.500
   53.567 -100.467   53.600 -100.450   53.617 -100.400   53.600 -100.384
   53.617 -100.334   53.583 -100.317   53.600 -100.284   53.650 -100.284
   53.717 -100.334   53.767 -100.384   53.783 -100.450   53.817 -100.467
   53.883 -100.217   53.933 -100.167   53.900 -100.234   53.900 -100.284
   53.883 -100.317   53.900 -100.367   53.867 -100.434   53.900 -100.467
   53.900 -100.517   53.933 -100.517   53.967 -100.484   53.967 -100.434
   53.933 -100.350   53.917 -100.334   53.950 -100.250   53.967 -100.250
   53.967 -100.284   53.983 -100.317   54.017 -100.334   54.083 -100.267
   54.200 -100.384   54.233 -100.334   54.200 -100.267   54.183 -100.234
   54.200 -100.234   54.250 -100.184   54.250 -100.134   54.250 -100.134
   54.217 -100.100   54.200 -100.000   54.167 -100.000   54.167  -99.950
   54.183  -99.950   54.200  -99.917   54.200  -99.834   54.183  -99.800
   54.117  -99.984   54.100 -100.100   54.050 -100.167   54.067 -100.200
   54.050 -100.217   54.033 -100.250   54.000 -100.250   53.983 -100.200
   54.000 -100.134   53.983 -100.117   53.967 -100.134   53.950 -100.050
   53.950 -100.034   53.917 -100.067   53.900 -100.117   53.867 -100.184
   53.800 -100.117   53.800 -100.084   53.833 -100.084   53.867 -100.034
   53.867  -99.950   53.917  -99.867   53.917  -99.800   54.017  -99.734
   54.050  -99.650   54.050  -99.600   54.017  -99.617   54.000  -99.584
   53.950  -99.634   53.933  -99.700   53.867  -99.717   53.850  -99.700
   53.783  -99.734   53.783  -99.800   53.850  -99.867   53.817  -99.934
   53.783  -99.934   53.767  -99.900   53.733  -99.934   53.733  -99.934
   53.750  -99.984   53.733 -100.017   53.700 -100.017   53.667 -100.134
   53.683 -100.200   53.650 -100.184   53.633 -100.250   53.617 -100.267
   53.583 -100.200   53.583 -100.184   53.617 -100.184   53.617 -100.167
   53.567 -100.067   53.550 -100.050   53.550 -100.017   53.500  -99.967
   53.433  -99.967   53.417  -99.884   53.350  -99.917   53.350  -99.984
   53.333  -99.984   53.317  -99.917   53.267  -99.934   53.217  -99.850
   53.250  -99.767   53.300  -99.767   53.317  -99.750   53.300  -99.684
   53.300  -99.534   53.317  -99.500   53.367  -99.434   53.350  -99.367
   53.200  -99.417   53.183  -99.367   53.150  -99.334   53.150  -99.417
   53.133  -99.450   53.100  -99.417
B00000 Lake_Winnipeg                     5251  -9762   1
<NAME>LAKE WINNIPEG<ID>WINNIPEG
 540                 50.383   54.417  -99.250  -96.250   51.950  -97.300
   51.850  -97.234   51.800  -97.217   51.617  -97.300   51.533  -97.267
   51.467  -97.284   51.433  -97.250   51.450  -97.200   51.517  -97.117
   51.583  -97.134   51.633  -97.084   51.667  -97.084   51.667  -97.000
   51.717  -96.900   51.733  -96.850   51.733  -96.817   51.683  -96.834
   51.667  -96.767   51.600  -96.800   51.600  -96.717   51.550  -96.734
   51.450  -96.817   51.433  -96.817   51.417  -96.867   51.350  -96.917
   51.317  -96.900   51.267  -96.984   51.183  -96.984   51.183  -96.950
   51.217  -96.884   51.317  -96.767   51.350  -96.767   51.367  -96.717
   51.333  -96.700   51.350  -96.650   51.333  -96.600   51.250  -96.684
   51.233  -96.750   51.167  -96.834   51.100  -96.834   51.083  -96.917
   51.050  -96.950   50.983  -96.900   50.883  -96.984   50.817  -96.934
   50.783  -96.967   50.700  -96.984   50.633  -96.967   50.600  -96.934
   50.600  -96.934   50.567  -96.967   50.417  -96.917   50.383  -96.767
   50.417  -96.617   50.467  -96.550   50.550  -96.617   50.583  -96.584
   50.650  -96.600   50.667  -96.550   50.700  -96.567   50.733  -96.534
   50.717  -96.517   50.667  -96.500   50.633  -96.417   50.617  -96.300
   50.667  -96.350   50.717  -96.384   50.750  -96.350   51.017  -96.384
   51.083  -96.417   51.117  -96.400   51.117  -96.317   51.167  -96.350
   51.200  -96.334   51.200  -96.267   51.217  -96.250   51.333  -96.367
   51.333  -96.417   51.383  -96.450   51.383  -96.484   51.500  -96.584
   51.550  -96.550   51.750  -96.784   51.783  -96.684   51.817  -96.700
   51.850  -96.784   51.867  -96.850   51.867  -96.867   51.933  -96.817
   51.967  -96.834   52.017  -96.867   52.067  -96.967   52.100  -96.967
   52.150  -97.017   52.183  -97.034   52.233  -97.084   52.233  -97.017
   52.267  -97.000   52.267  -97.000   52.317  -97.034   52.333  -97.067
   52.350  -97.017   52.383  -97.050   52.417  -97.034   52.433  -97.067
   52.433  -97.100   52.483  -97.100   52.633  -97.200   52.683  -97.200
   52.767  -97.317   52.867  -97.400   52.900  -97.384   52.950  -97.434
   52.967  -97.434   52.950  -97.384   52.983  -97.384   53.017  -97.334
   53.050  -97.417   53.117  -97.417   53.150  -97.450   53.167  -97.417
   53.267  -97.567   53.300  -97.584   53.367  -97.600   53.417  -97.684
   53.467  -97.667   53.550  -97.734   53.617  -97.834   53.650  -97.817
   53.717  -97.817   53.767  -97.884   53.833  -97.900   53.850  -97.950
   53.900  -97.934   53.917  -97.967   53.967  -97.984   53.983  -97.934
   54.000  -97.784   54.033  -97.734   54.083  -97.734   54.017  -97.834
   54.033  -97.900   54.017  -97.950   53.983  -98.034   53.967  -98.050
   53.933  -98.034   53.917  -98.084   53.917  -98.084   53.917  -98.100
   53.967  -98.134   54.000  -98.234   54.033  -98.200   54.050  -98.150
   54.083  -98.184   54.183  -98.150   54.200  -98.067   54.200  -98.000
   54.233  -97.950   54.250  -97.867   54.317  -97.800   54.317  -97.850
   54.300  -97.917   54.317  -97.984   54.350  -97.900   54.400  -97.967
   54.417  -98.017   54.400  -98.034   54.350  -98.034   54.300  -98.100
   54.250  -98.150   54.217  -98.150   54.183  -98.217   54.083  -98.234
   54.050  -98.284   53.983  -98.317   53.967  -98.267   53.900  -98.250
   53.867  -98.167   53.850  -98.100   53.783  -98.034   53.733  -97.884
   53.700  -97.900   53.683  -97.967   53.700  -98.017   53.767  -98.067
   53.833  -98.250   53.867  -98.434   53.833  -98.684   53.883  -98.717
   53.900  -98.784   53.883  -98.850   53.867  -98.950   53.850  -98.967
   53.817  -98.950   53.767  -99.000   53.700  -98.967   53.700  -98.967
   53.600  -99.050   53.583  -99.017   53.483  -99.084   53.467  -99.067
   53.433  -99.084   53.383  -99.184   53.283  -99.217   53.267  -99.200
   53.233  -99.234   53.183  -99.250   53.183  -99.200   53.133  -99.134
   53.117  -99.084   53.100  -99.067   53.067  -99.067   53.033  -99.017
   53.067  -98.934   53.033  -98.850   53.033  -98.817   53.083  -98.800
   53.083  -98.784   53.067  -98.684   53.050  -98.534   53.050  -98.467
   53.050  -98.434   53.050  -98.434   53.000  -98.534   52.967  -98.734
   52.933  -98.867   52.900  -98.917   52.867  -98.900   52.783  -98.817
   52.750  -98.834   52.683  -98.784   52.667  -98.734   52.633  -98.717
   52.617  -98.650   52.567  -98.617   52.500  -98.467   52.417  -98.467
   52.367  -98.417   52.317  -98.334   52.300  -98.217   52.283  -98.184
   52.183  -98.134   52.133  -98.134   52.100  -98.050   51.967  -98.050
   51.933  -97.984   51.933  -97.917   51.900  -97.934   51.883  -97.900
   51.850  -97.767   51.883  -97.767   51.917  -97.817   51.967  -97.784
   52.083  -97.717   52.083  -97.767   52.117  -97.767   52.150  -97.684
   52.100  -97.667   52.100  -97.650   52.133  -97.550   52.133  -97.484
   52.067  -97.517   52.000  -97.617   51.967  -97.567   51.917  -97.584
   51.917  -97.534   52.000  -97.517   52.033  -97.417   52.033  -97.334
   51.950  -97.300
B00000 Lake_Athabasca                    5909 -10922   1
<NAME>LAKE ATHABASCA<ID>ATHABASCA
 284                 58.467   59.600 -111.334 -106.017   59.433 -108.384
   59.433 -108.350   59.483 -108.284   59.450 -108.234   59.467 -108.134
   59.450 -108.117   59.433 -107.950   59.400 -107.834   59.417 -107.550
   59.350 -107.384   59.317 -107.217   59.333 -106.950   59.350 -106.900
   59.317 -106.900   59.317 -106.884   59.317 -106.817   59.317 -106.634
   59.300 -106.667   59.283 -106.634   59.267 -106.350   59.300 -106.084
   59.267 -106.017   59.250 -106.450   59.250 -106.800   59.267 -106.800
   59.267 -106.900   59.283 -106.917   59.283 -107.117   59.300 -107.150
   59.283 -107.450   59.317 -107.484   59.300 -107.534   59.283 -107.534
   59.283 -107.567   59.300 -107.634   59.317 -107.600   59.333 -107.634
   59.333 -107.750   59.250 -107.784   59.233 -107.834   59.200 -107.817
   59.217 -107.917   59.200 -108.034   59.150 -108.184   59.133 -108.600
   59.117 -108.634   59.117 -108.750   59.100 -108.817   59.100 -108.884
   59.100 -108.884   59.133 -108.917   59.083 -109.017   59.083 -109.100
   59.083 -109.184   59.133 -109.234   59.133 -109.284   59.083 -109.384
   59.050 -109.617   59.050 -109.750   59.017 -109.884   58.950 -110.050
   58.900 -110.217   58.850 -110.300   58.833 -110.317   58.800 -110.400
   58.733 -110.450   58.683 -110.484   58.667 -110.467   58.700 -110.417
   58.683 -110.334   58.650 -110.384   58.617 -110.367   58.600 -110.417
   58.650 -110.584   58.600 -110.634   58.633 -110.767   58.617 -110.784
   58.550 -110.750   58.467 -110.834   58.633 -110.834   58.633 -110.900
   58.650 -110.917   58.633 -110.950   58.600 -110.967   58.583 -111.017
   58.500 -111.067   58.550 -111.117   58.567 -111.100   58.600 -111.117
   58.617 -111.084   58.617 -111.150   58.650 -111.167   58.667 -111.150
   58.700 -111.284   58.700 -111.284   58.733 -111.284   58.750 -111.334
   58.783 -111.267   58.800 -111.184   58.800 -111.167   58.767 -111.134
   58.717 -111.184   58.700 -111.150   58.733 -111.050   58.783 -110.984
   58.800 -110.917   58.833 -110.834   58.883 -110.817   58.950 -110.700
   59.017 -110.667   59.100 -110.550   59.117 -110.384   59.217 -110.167
   59.250 -110.134   59.283 -110.050   59.333 -109.967   59.350 -109.834
   59.400 -109.867   59.417 -109.750   59.417 -109.817   59.433 -109.834
   59.500 -109.734   59.533 -109.617   59.600 -109.500   59.600 -109.150
   59.550 -109.134   59.517 -109.067   59.483 -109.067   59.467 -109.034
   59.483 -109.000   59.517 -108.934   59.517 -108.817   59.483 -108.750
   59.433 -108.867   59.400 -108.884   59.383 -108.950   59.367 -108.934
   59.383 -108.717   59.417 -108.584   59.433 -108.584   59.467 -108.450
   59.433 -108.384
B00000 Williston_Lake                    5599 -12370   1
<NAME>WILLISTON LAKE<ID>WILLISTON
 256                 55.167   56.750 -124.834 -122.167   56.717 -124.767
   56.667 -124.684   56.600 -124.617   56.533 -124.484   56.500 -124.484
   56.433 -124.417   56.383 -124.417   56.383 -124.367   56.333 -124.384
   56.333 -124.334   56.317 -124.334   56.233 -124.217   56.217 -124.150
   56.233 -124.100   56.283 -124.034   56.300 -124.000   56.150 -124.100
   56.117 -124.067   56.033 -123.950   56.050 -123.667   56.033 -123.534
   55.983 -123.217   56.000 -123.150   56.033 -123.100   56.100 -123.117
   56.083 -123.084   56.100 -122.817   56.117 -122.784   56.100 -122.734
   56.150 -122.634   56.167 -122.550   56.133 -122.467   56.133 -122.350
   56.117 -122.334   56.100 -122.250   56.033 -122.167   56.000 -122.184
   56.083 -122.350   56.100 -122.500   56.117 -122.567   56.067 -122.734
   56.033 -122.734   56.067 -122.800   56.067 -123.017   55.983 -123.100
   55.967 -123.184   55.983 -123.284   56.017 -123.500   56.017 -123.500
   56.033 -123.700   56.017 -123.767   55.967 -123.817   55.917 -123.784
   55.883 -123.784   55.867 -123.750   55.850 -123.767   55.833 -123.750
   55.850 -123.717   55.817 -123.684   55.800 -123.700   55.733 -123.650
   55.717 -123.584   55.700 -123.584   55.617 -123.450   55.600 -123.434
   55.600 -123.400   55.550 -123.400   55.533 -123.350   55.483 -123.334
   55.417 -123.217   55.400 -123.234   55.350 -123.217   55.400 -123.184
   55.417 -123.167   55.383 -123.184   55.333 -123.150   55.333 -123.184
   55.250 -123.150   55.217 -123.167   55.167 -123.117   55.183 -123.184
   55.383 -123.267   55.483 -123.384   55.583 -123.450   55.683 -123.634
   55.683 -123.700   55.867 -123.884   55.867 -123.917   55.750 -123.834
   55.717 -123.834   55.817 -123.900   55.833 -123.934   55.850 -123.934
   55.867 -123.984   55.900 -123.984   55.900 -124.050   55.917 -124.034
   55.917 -124.034   55.917 -124.067   55.967 -124.017   56.017 -124.034
   56.017 -124.050   56.000 -124.184   56.000 -124.217   55.983 -124.250
   56.017 -124.284   56.067 -124.417   56.117 -124.467   56.100 -124.517
   56.133 -124.467   56.100 -124.434   56.017 -124.234   56.033 -124.167
   56.067 -124.134   56.100 -124.217   56.133 -124.217   56.217 -124.334
   56.217 -124.384   56.250 -124.384   56.317 -124.467   56.433 -124.517
   56.550 -124.617   56.633 -124.717   56.667 -124.750   56.700 -124.800
   56.750 -124.834   56.717 -124.800   56.717 -124.767
B00000 Great_Slave_Lake                  6202 -11355   2
<NAME>GREAT SLAVE LAKE<ID>GREAT SLAVE
  76                 61.200   61.567 -120.000 -117.650   61.350 -117.684
   61.417 -117.917   61.400 -118.000   61.367 -117.984   61.367 -118.000
   61.417 -118.067   61.400 -118.267   61.400 -118.317   61.350 -118.334
   61.317 -118.450   61.283 -118.550   61.283 -118.667   61.233 -118.867
   61.217 -119.150   61.200 -119.484   61.250 -119.584   61.267 -119.717
   61.300 -119.817   61.317 -119.934   61.350 -120.000   61.317 -119.784
   61.233 -119.484   61.233 -119.417   61.250 -119.034   61.333 -118.500
   61.367 -118.400   61.500 -118.384   61.533 -118.350   61.567 -118.250
   61.567 -118.117   61.533 -118.117   61.500 -118.050   61.483 -117.984
   61.450 -117.934   61.450 -117.867   61.400 -117.767   61.400 -117.700
   61.350 -117.650
 788                 60.833   62.950 -117.684 -108.900   62.500 -110.350
   62.433 -110.650   62.433 -110.684   62.467 -110.650   62.533 -110.317
   62.533 -110.417   62.500 -110.517   62.483 -110.634   62.517 -110.684
   62.533 -110.784   62.550 -110.717   62.533 -110.467   62.567 -110.367
   62.567 -110.217   62.533 -110.184   62.567 -110.117   62.550 -110.017
   62.600 -109.817   62.650 -109.767   62.650 -109.700   62.667 -109.700
   62.683 -110.434   62.750 -110.367   62.750 -110.284   62.733 -110.250
   62.733 -110.184   62.733 -110.084   62.750 -110.000   62.717 -109.750
   62.750 -109.834   62.767 -109.884   62.783 -110.117   62.767 -110.400
   62.800 -110.467   62.767 -110.500   62.750 -110.434   62.683 -110.517
   62.667 -110.484   62.650 -110.500   62.667 -110.650   62.667 -110.734
   62.667 -110.800   62.650 -110.834   62.650 -110.950   62.617 -111.117
   62.617 -111.284   62.600 -111.300   62.567 -111.284   62.483 -111.534
   62.483 -111.534   62.383 -111.617   62.367 -111.667   62.383 -111.667
   62.483 -111.584   62.550 -111.484   62.600 -111.467   62.633 -111.384
   62.750 -110.950   62.767 -110.600   62.767 -110.567   62.800 -110.617
   62.800 -110.750   62.817 -110.717   62.833 -110.634   62.817 -110.517
   62.833 -110.467   62.817 -110.267   62.817 -109.950   62.800 -109.867
   62.800 -109.767   62.750 -109.617   62.733 -109.317   62.683 -109.284
   62.700 -109.200   62.633 -109.284   62.650 -109.167   62.617 -109.284
   62.583 -109.317   62.583 -109.284   62.700 -108.984   62.733 -109.000
   62.767 -108.900   62.800 -108.900   62.717 -109.100   62.717 -109.167
   62.800 -108.967   62.833 -109.084   62.833 -109.217   62.867 -109.267
   62.850 -109.367   62.867 -109.500   62.883 -109.634   62.900 -109.617
   62.917 -109.700   62.917 -109.950   62.950 -109.917   62.950 -109.950
   62.933 -110.100   62.933 -110.100   62.950 -110.450   62.917 -110.700
   62.850 -111.034   62.750 -111.334   62.717 -111.367   62.700 -111.434
   62.667 -111.467   62.567 -111.517   62.517 -111.617   62.383 -111.717
   62.317 -111.934   62.283 -111.967   62.217 -112.117   62.167 -112.200
   62.150 -112.267   62.067 -112.417   62.050 -112.600   62.067 -112.734
   62.033 -112.900   62.033 -112.917   62.067 -112.900   62.067 -112.934
   62.033 -113.017   62.017 -113.017   62.033 -113.117   62.033 -113.167
   62.000 -113.200   61.983 -113.317   62.033 -113.417   62.033 -113.450
   62.017 -113.484   62.000 -113.550   62.033 -113.600   62.033 -113.550
   62.050 -113.550   62.083 -113.734   62.100 -113.750   62.133 -113.800
   62.150 -113.750   62.167 -113.850   62.200 -113.884   62.283 -114.067
   62.267 -114.117   62.283 -114.150   62.283 -114.134   62.317 -114.200
   62.317 -114.250   62.350 -114.234   62.350 -114.234   62.367 -114.250
   62.367 -114.217   62.417 -114.267   62.417 -114.334   62.383 -114.367
   62.367 -114.434   62.367 -114.567   62.350 -114.617   62.367 -114.650
   62.367 -114.717   62.383 -114.717   62.417 -114.767   62.433 -114.800
   62.433 -114.867   62.467 -114.884   62.483 -115.050   62.517 -115.150
   62.533 -115.200   62.550 -115.184   62.583 -115.234   62.617 -115.300
   62.633 -115.450   62.633 -115.600   62.667 -115.684   62.650 -115.767
   62.667 -115.767   62.683 -115.700   62.700 -115.684   62.700 -115.750
   62.717 -115.767   62.783 -115.934   62.767 -116.000   62.700 -116.050
   62.667 -115.950   62.633 -115.934   62.617 -115.817   62.550 -115.817
   62.567 -115.750   62.550 -115.700   62.533 -115.700   62.533 -115.767
   62.467 -115.684   62.483 -115.600   62.467 -115.517   62.483 -115.367
   62.483 -115.250   62.417 -115.317   62.333 -115.300   62.333 -115.300
   62.317 -115.234   62.250 -115.334   62.233 -115.334   62.250 -115.167
   62.217 -115.167   62.183 -115.067   62.167 -115.034   62.150 -115.067
   62.150 -115.034   62.117 -115.067   62.083 -115.050   62.000 -114.784
   61.933 -114.750   61.933 -114.650   61.883 -114.684   61.867 -114.634
   61.850 -114.617   61.833 -114.734   61.833 -114.717   61.833 -114.684
   61.800 -114.750   61.783 -114.800   61.767 -114.817   61.783 -114.850
   61.750 -114.934   61.750 -115.050   61.733 -115.067   61.733 -115.217
   61.767 -115.200   61.783 -115.334   61.750 -115.550   61.717 -115.584
   61.700 -115.517   61.667 -115.550   61.667 -115.600   61.650 -115.667
   61.600 -115.650   61.600 -115.700   61.550 -115.700   61.517 -115.767
   61.500 -115.734   61.467 -115.750   61.450 -115.717   61.433 -115.717
   61.400 -115.867   61.400 -115.900   61.433 -115.934   61.400 -115.950
   61.400 -115.950   61.400 -116.017   61.367 -116.067   61.367 -116.017
   61.350 -116.000   61.350 -115.917   61.317 -115.900   61.317 -115.850
   61.267 -115.884   61.267 -115.950   61.233 -116.017   61.217 -115.967
   61.183 -115.934   61.167 -115.967   61.233 -116.100   61.250 -116.184
   61.267 -116.200   61.267 -116.434   61.317 -116.534   61.333 -116.600
   61.317 -116.750   61.300 -116.800   61.217 -116.700   61.217 -116.784
   61.183 -116.917   61.150 -117.084   61.217 -117.350   61.283 -117.517
   61.300 -117.617   61.300 -117.684   61.250 -117.484   61.200 -117.450
   61.167 -117.367   61.067 -117.234   61.050 -117.067   61.033 -116.750
   61.017 -116.700   61.017 -116.634   61.033 -116.534   61.000 -116.484
   60.983 -116.500   60.967 -116.434   60.933 -116.384   60.883 -116.167
   60.883 -116.100   60.833 -115.950   60.867 -115.734   60.833 -115.534
   60.833 -115.284   60.883 -115.034   60.867 -115.167   60.833 -115.284
   60.883 -115.034   60.933 -114.800   60.917 -114.750   60.900 -114.717
   60.917 -114.584   60.933 -114.550   60.950 -114.400   61.017 -114.217
   61.000 -114.167   60.983 -114.067   60.967 -114.034   60.983 -113.834
   61.000 -113.734   61.100 -113.617   61.150 -113.650   61.167 -113.684
   61.167 -113.750   61.200 -113.667   61.267 -113.717   61.317 -113.667
   61.350 -113.584   61.333 -113.534   61.367 -113.517   61.400 -113.400
   61.417 -113.417   61.450 -113.317   61.467 -113.234   61.450 -113.100
   61.483 -113.134   61.483 -113.117   61.467 -113.017   61.450 -113.017
   61.433 -112.984   61.400 -113.017   61.383 -112.934   61.417 -112.867
   61.433 -112.884   61.450 -112.684   61.450 -112.650   61.467 -112.684
   61.467 -112.667   61.483 -112.567   61.617 -112.200   61.650 -112.217
   61.667 -112.150   61.700 -112.150   61.867 -111.817   61.883 -111.817
   61.883 -111.817   61.883 -111.834   61.950 -111.600   61.967 -111.600
   62.050 -111.484   62.067 -111.467   62.083 -111.484   62.033 -111.717
   62.050 -111.717   62.117 -111.500   62.133 -111.500   62.117 -111.584
   62.133 -111.584   62.167 -111.434   62.233 -111.267   62.267 -111.217
   62.250 -111.334   62.267 -111.317   62.283 -111.267   62.317 -111.100
   62.333 -111.100   62.333 -111.134   62.383 -111.067   62.400 -110.900
   62.383 -110.884   62.367 -110.784   62.400 -110.700   62.400 -110.634
   62.383 -110.634   62.350 -110.650   62.350 -110.634   62.367 -110.534
   62.367 -110.317   62.383 -110.217   62.400 -110.234   62.383 -110.484
   62.383 -110.467   62.433 -110.317   62.433 -110.317   62.433 -110.350
   62.450 -110.317   62.450 -110.167   62.567 -109.850   62.567 -109.917
   62.483 -110.167   62.500 -110.234   62.517 -110.217   62.517 -110.234
   62.500 -110.350
B00000 Great_Bear_Lake                   6610 -12047   1
<NAME>GREAT BEAR LAKE<ID>GREAT BEAR
 768                 65.000   67.050 -125.117 -117.467   65.183 -120.150
   65.150 -120.267   65.050 -120.450   65.000 -121.384   65.000 -121.234
   65.033 -120.950   65.067 -121.017   65.117 -120.984   65.183 -120.717
   65.267 -120.550   65.433 -120.350   65.500 -120.334   65.533 -120.400
   65.550 -120.367   65.583 -120.400   65.617 -120.684   65.600 -120.800
   65.567 -120.934   65.533 -121.034   65.517 -121.134   65.483 -121.167
   65.383 -121.534   65.350 -121.567   65.350 -121.517   65.317 -121.517
   65.267 -121.617   65.233 -121.617   65.217 -121.584   65.150 -121.600
   65.117 -121.667   65.067 -121.584   65.067 -121.667   65.067 -121.717
   65.050 -121.717   65.033 -121.800   65.017 -121.817   65.000 -121.934
   65.017 -122.317   65.017 -122.567   65.083 -123.234   65.117 -123.334
   65.167 -123.484   65.167 -123.484   65.183 -123.500   65.200 -123.434
   65.233 -123.184   65.217 -122.984   65.267 -122.867   65.350 -122.734
   65.433 -122.800   65.483 -122.934   65.483 -122.817   65.550 -122.784
   65.567 -122.584   65.600 -122.550   65.633 -122.350   65.783 -122.134
   65.850 -122.184   65.900 -122.500   65.917 -122.550   65.950 -122.534
   65.967 -122.617   65.967 -122.784   65.983 -122.484   66.017 -122.384
   66.000 -122.234   65.983 -122.167   65.983 -122.050   65.933 -121.867
   65.917 -121.800   65.933 -121.467   65.967 -121.350   66.000 -121.250
   66.083 -121.234   66.117 -121.367   66.100 -121.567   66.150 -121.600
   66.200 -121.717   66.250 -121.934   66.267 -122.684   66.250 -123.050
   66.183 -122.934   66.100 -123.050   66.100 -123.117   66.067 -123.084
   66.033 -123.100   66.050 -123.167   66.150 -123.234   66.167 -123.267
   66.133 -123.767   66.133 -123.767   66.100 -123.867   66.117 -124.067
   66.183 -124.200   66.150 -124.600   66.133 -124.617   66.100 -124.550
   66.067 -124.584   66.000 -124.550   65.983 -124.600   66.017 -124.684
   66.033 -124.700   66.033 -124.634   66.050 -124.700   66.017 -124.800
   65.917 -124.784   65.933 -124.867   65.967 -124.884   66.033 -125.017
   66.117 -125.100   66.167 -125.117   66.250 -125.084   66.300 -124.984
   66.300 -124.950   66.283 -124.934   66.267 -124.884   66.300 -124.717
   66.283 -124.667   66.250 -124.484   66.300 -124.434   66.300 -124.400
   66.350 -124.350   66.367 -124.284   66.317 -124.084   66.317 -124.000
   66.383 -123.800   66.383 -123.700   66.400 -123.667   66.467 -123.250
   66.533 -123.150   66.533 -123.117   66.517 -123.167   66.500 -123.134
   66.483 -123.150   66.467 -123.100   66.483 -123.034   66.467 -123.000
   66.483 -122.967   66.550 -122.900   66.550 -122.900   66.550 -122.484
   66.567 -122.467   66.567 -122.567   66.600 -122.500   66.567 -122.467
   66.617 -122.367   66.600 -122.334   66.567 -122.317   66.567 -122.384
   66.550 -122.350   66.600 -122.234   66.617 -122.000   66.683 -121.750
   66.733 -121.450   66.767 -121.484   66.783 -121.350   66.800 -121.300
   66.800 -121.267   66.817 -121.267   66.867 -121.167   66.850 -121.000
   66.867 -120.884   66.883 -120.850   66.900 -120.650   66.950 -120.550
   66.950 -120.284   66.983 -120.167   67.000 -120.050   67.033 -119.917
   67.033 -119.850   67.050 -119.800   67.017 -119.734   67.000 -119.817
   66.983 -119.784   67.000 -119.617   66.967 -119.634   67.000 -119.450
   66.967 -119.500   66.950 -119.517   66.933 -119.417   66.950 -119.200
   66.900 -119.217   66.900 -119.134   66.900 -119.000   66.867 -118.950
   66.833 -119.317   66.800 -119.350   66.783 -119.450   66.783 -119.450
   66.750 -119.467   66.767 -119.567   66.750 -119.584   66.750 -119.517
   66.733 -119.534   66.733 -119.567   66.733 -119.634   66.717 -119.650
   66.733 -119.700   66.683 -119.784   66.683 -119.884   66.650 -120.034
   66.667 -120.100   66.667 -120.134   66.633 -120.050   66.600 -120.100
   66.600 -120.150   66.550 -120.184   66.550 -120.317   66.517 -120.334
   66.517 -120.384   66.483 -120.317   66.483 -120.367   66.467 -120.350
   66.467 -120.234   66.450 -120.350   66.467 -120.417   66.467 -120.450
   66.417 -120.500   66.383 -120.450   66.400 -120.367   66.367 -120.284
   66.383 -120.217   66.400 -120.150   66.383 -119.967   66.350 -119.984
   66.317 -119.867   66.367 -119.767   66.367 -119.650   66.350 -119.600
   66.333 -119.617   66.333 -119.800   66.317 -119.800   66.300 -119.617
   66.300 -119.517   66.317 -119.500   66.333 -119.534   66.350 -119.400
   66.350 -119.400   66.317 -119.234   66.317 -118.850   66.300 -118.817
   66.350 -118.684   66.350 -118.617   66.333 -118.600   66.350 -118.534
   66.367 -118.467   66.350 -118.467   66.367 -118.400   66.467 -118.117
   66.500 -118.134   66.467 -118.167   66.433 -118.284   66.500 -118.217
   66.583 -118.067   66.617 -117.817   66.667 -117.734   66.683 -117.617
   66.633 -117.650   66.633 -117.734   66.600 -117.717   66.633 -117.600
   66.617 -117.600   66.567 -117.734   66.550 -117.717   66.517 -117.750
   66.483 -117.850   66.467 -117.884   66.433 -117.834   66.417 -117.900
   66.417 -117.834   66.433 -117.784   66.417 -117.750   66.483 -117.550
   66.483 -117.517   66.450 -117.550   66.467 -117.467   66.450 -117.467
   66.417 -117.500   66.433 -117.584   66.367 -117.650   66.350 -117.567
   66.350 -117.650   66.317 -117.717   66.283 -117.700   66.283 -117.667
   66.300 -117.684   66.300 -117.684   66.267 -117.617   66.267 -117.650
   66.233 -117.650   66.217 -117.734   66.233 -117.717   66.233 -117.734
   66.200 -117.800   66.167 -117.817   66.183 -117.700   66.183 -117.684
   66.150 -117.750   66.167 -117.817   66.133 -117.817   66.150 -117.867
   66.150 -117.917   66.100 -118.034   66.083 -117.984   66.067 -117.984
   66.067 -117.784   66.033 -117.784   66.050 -117.884   66.033 -117.950
   66.050 -117.934   66.017 -118.134   66.000 -118.100   65.950 -118.167
   65.917 -118.150   65.917 -118.217   65.867 -118.267   65.833 -118.250
   65.850 -118.200   65.833 -118.200   65.817 -118.184   65.800 -118.084
   65.833 -117.917   65.867 -117.850   65.850 -117.784   65.783 -118.000
   65.750 -117.950   65.767 -117.800   65.733 -117.834   65.717 -117.800
   65.733 -117.884   65.717 -117.917   65.733 -118.000   65.717 -118.000
   65.683 -118.034   65.667 -118.100   65.667 -118.100   65.683 -118.184
   65.667 -118.284   65.650 -118.384   65.683 -118.367   65.683 -118.534
   65.650 -118.584   65.633 -118.500   65.617 -118.517   65.650 -118.600
   65.633 -118.650   65.667 -118.700   65.683 -118.700   65.700 -118.650
   65.717 -118.700   65.733 -118.867   65.750 -118.784   65.783 -118.900
   65.800 -119.200   65.783 -119.300   65.800 -119.684   65.733 -119.767
   65.733 -119.700   65.717 -119.700   65.717 -119.600   65.700 -119.600
   65.683 -119.700   65.667 -119.850   65.650 -119.850   65.650 -119.884
   65.617 -119.934   65.617 -119.917   65.633 -120.100   65.567 -120.017
   65.500 -119.834   65.483 -119.817   65.467 -119.750   65.467 -119.650
   65.433 -119.550   65.317 -119.467   65.350 -119.750   65.333 -119.784
   65.350 -119.834   65.333 -119.850   65.333 -119.884   65.317 -119.884
   65.250 -120.017   65.183 -120.050   65.183 -120.150
B00000 Teslin_Lake                       5997 -13251   1
<NAME>TESLIN LAKE<ID>TESLIN
  54                 59.583   60.450 -133.250 -132.084   60.433 -133.200
   60.300 -132.967   60.217 -132.867   60.150 -132.684   60.117 -132.617
   60.100 -132.500   60.083 -132.534   60.033 -132.400   59.933 -132.334
   59.850 -132.217   59.833 -132.250   59.700 -132.150   59.633 -132.134
   59.600 -132.084   59.600 -132.150   59.583 -132.184   59.600 -132.167
   59.633 -132.167   59.733 -132.250   59.767 -132.234   59.883 -132.367
   60.000 -132.450   60.083 -132.600   60.200 -132.934   60.367 -133.150
   60.367 -133.184   60.450 -133.250
B00000 Lake_Champlain                    4461  -7330   1
<NAME>LAKE CHAMPLAIN<ID>CHAMP
 192                 44.000   45.083  -73.467  -73.083   44.667  -73.317
   44.667  -73.283   44.633  -73.267   44.600  -73.300   44.633  -73.350
   44.700  -73.350   44.750  -73.333   44.767  -73.300   44.783  -73.317
   44.850  -73.300   44.917  -73.317   44.983  -73.317   45.000  -73.367
   44.950  -73.350   44.933  -73.400   44.900  -73.383   44.817  -73.417
   44.817  -73.367   44.767  -73.383   44.767  -73.417   44.750  -73.417
   44.733  -73.383   44.700  -73.383   44.717  -73.417   44.717  -73.450
   44.633  -73.433   44.583  -73.450   44.517  -73.400   44.483  -73.417
   44.450  -73.400   44.417  -73.417   44.400  -73.400   44.433  -73.383
   44.400  -73.383   44.317  -73.350   44.400  -73.400   44.433  -73.383
   44.400  -73.383   44.317  -73.350   44.250  -73.350   44.200  -73.383
   44.200  -73.417   44.183  -73.433   44.150  -73.417   44.100  -73.450
   44.033  -73.467   44.000  -73.450   44.033  -73.433   44.033  -73.433
   44.083  -73.417   44.117  -73.383   44.183  -73.350   44.200  -73.367
   44.267  -73.267   44.267  -73.300   44.300  -73.300   44.350  -73.267
   44.383  -73.283   44.433  -73.250   44.400  -73.233   44.417  -73.217
   44.483  -73.217   44.500  -73.267   44.550  -73.283   44.550  -73.200
   44.583  -73.183   44.600  -73.233   44.633  -73.233   44.650  -73.217
   44.733  -73.217   44.783  -73.150   44.817  -73.150   44.783  -73.183
   44.867  -73.183   44.917  -73.167   44.933  -73.183   44.933  -73.233
   44.967  -73.217   45.017  -73.133   44.983  -73.150   44.967  -73.117
   45.017  -73.083   45.067  -73.083   45.083  -73.150   45.033  -73.183
   45.017  -73.217   44.950  -73.250   44.900  -73.267   44.933  -73.233
   44.900  -73.233   44.817  -73.283   44.783  -73.283   44.733  -73.250
   44.733  -73.283   44.700  -73.283   44.667  -73.317
