B00000 OPC                               2925    -49  20
<AREA>OPC<ID>OPC
  24                 76.562   80.501   10.372   27.315   80.005   27.315
   77.690   24.859   77.218   22.615   76.562   16.781   77.482   13.943
   78.125   13.756   78.330   11.271   78.835   10.372   79.696   10.815
   80.048   17.046   80.501   20.535   80.489   23.621
  14                 79.907   81.775   44.674   65.550   79.907   59.552
   80.921   65.550   81.775   63.713   81.520   57.354   80.603   44.674
   80.101   47.552   79.934   51.218
  80                 19.860   23.248  -85.045  -74.199   20.281  -74.199
   20.636  -74.852   20.767  -75.509   21.161  -75.732   21.232  -76.443
   21.481  -77.011   22.225  -78.070   22.646  -78.987   22.690  -79.416
   23.148  -80.307   23.248  -80.968   23.168  -81.726   23.116  -82.543
   22.872  -83.683   22.295  -84.380   21.895  -85.045   21.845  -84.460
   22.148  -83.802   22.221  -83.140   22.493  -83.129   22.691  -82.547
   22.674  -81.884   22.548  -81.617   22.401  -81.751   22.403  -82.160
   22.273  -82.133   22.087  -81.316   22.025  -80.395   21.825  -80.256
   21.521  -79.242   21.583  -78.710   21.041  -78.456   20.660  -77.950
   20.725  -77.330   20.486  -77.052   20.235  -77.323   20.041  -77.666
   19.860  -77.597   19.911  -76.035   19.865  -74.845
  70                 49.922   58.611  -10.478    1.692   58.611   -2.994
   58.599   -5.081   58.100   -7.117   57.712   -6.667   57.735   -5.714
   56.799   -5.950   55.313   -5.900   55.242   -7.438   54.637   -8.665
   54.239   -9.859   53.394  -10.088   52.637   -9.815   52.094  -10.478
   51.573   -9.821   51.531   -8.710   52.019   -7.770   52.285   -6.305
   51.890   -5.183   51.592   -4.991   51.001   -4.519   50.174   -5.609
   49.922   -5.239   50.273   -3.712   50.746   -2.359   50.868   -0.429
   50.775    0.635   51.257    1.329   52.729    1.692   53.052    0.574
   54.296   -0.420   54.603   -1.125   55.506   -1.545   56.078   -2.759
   57.558   -1.589   57.646   -4.208
  20                -25.712  -11.996   43.273   50.617  -11.996   49.105
  -15.236   50.617  -25.172   47.269  -25.712   45.001  -24.740   43.813
  -21.932   43.273  -19.772   44.569  -17.288   43.813  -16.100   44.461
  -15.668   47.053
  22                 -5.898    5.591   95.340  106.828    5.591   95.340
    5.194   97.519    3.115   99.598   -0.253  104.352   -2.629  106.828
   -5.898  105.739   -5.700  104.154   -4.412  102.768   -2.233  100.985
    1.629   98.707    4.303   95.637
  32                -10.453   -6.096  105.541  127.725   -6.096  106.630
   -6.789  105.541   -7.977  108.017   -7.878  110.690   -8.869  113.364
   -9.166  118.415  -10.255  121.287  -10.453  124.160   -8.374  127.725
   -7.680  126.734   -8.374  123.466   -8.275  120.594   -8.176  117.623
   -7.680  114.553   -6.492  113.464   -6.690  110.096
  24                 -4.016    7.175  109.106  119.307    7.175  116.930
    4.501  114.058    2.520  111.186    1.530  109.205   -0.352  109.106
   -1.639  109.997   -3.125  110.195   -4.016  114.949   -2.431  116.435
    1.134  118.713    3.907  117.227    5.789  119.307
  10                 21.635   25.299  119.802  122.179   25.299  121.287
   23.021  119.802   21.635  120.693   23.120  121.386   25.101  122.179

  40                  5.294   18.862  117.227  126.437   18.862  120.495
   17.376  122.773   14.306  121.684   14.009  124.457   12.325  125.843
    8.859  126.437    6.779  126.338    5.294  125.051    6.284  123.961
    6.680  121.981    9.552  122.674   12.622  121.188   13.018  120.594
   10.542  119.802    9.156  118.812    8.364  117.227   10.443  119.010
   12.424  119.703   15.098  120.000   16.089  119.802
 108                -38.976  -10.354  112.968  153.474  -13.722  127.032
  -16.297  122.377  -18.079  122.476  -19.466  121.486  -20.753  118.316
  -20.951  116.534  -21.645  114.553  -25.309  112.968  -28.082  114.157
  -30.855  115.147  -32.341  115.642  -34.123  114.949  -34.916  115.939
  -35.015  117.722  -34.321  119.901  -33.727  121.783  -33.925  123.664
  -32.935  125.051  -32.341  126.536  -31.647  129.210  -31.746  132.082
  -32.242  133.568  -33.529  134.459  -34.519  135.846  -36.005  137.232
  -35.609  139.114  -36.500  139.807  -37.788  140.798  -38.382  142.085
  -38.283  144.462  -38.976  146.245  -38.481  147.631  -37.292  149.513
  -36.995  150.107  -34.817  150.702  -33.430  151.791  -31.548  152.979
  -28.379  153.474  -25.111  152.880  -23.922  151.989  -22.833  150.900
  -20.258  148.424  -18.673  146.344  -14.712  145.056  -14.019  143.868
  -10.354  142.184  -12.731  141.491  -16.198  141.392  -17.386  140.798
  -16.891  138.817  -15.207  135.549  -11.840  136.737  -11.345  131.587
  -14.910  129.408
  32                -10.255   -0.649  130.894  150.801  -10.255  150.801
   -5.997  147.532   -3.620  144.066   -1.342  137.728   -0.649  135.351
   -0.748  130.993   -2.134  130.894   -4.313  132.974   -4.016  134.757
   -6.888  139.114   -8.275  137.331   -8.374  139.609   -9.364  141.788
   -9.364  143.175   -7.482  144.165  -10.255  148.424
  56                 17.585   19.974  -74.470  -68.331   18.671  -68.331
   19.717  -70.119   19.974  -71.069   19.902  -73.216   19.600  -73.414
   19.454  -72.846   18.528  -72.277   18.492  -72.870   18.641  -74.117
   18.640  -74.440   18.351  -74.470   18.071  -73.805   18.237  -73.556
   18.120  -73.007   18.198  -72.347   18.208  -71.991   17.950  -71.710
   17.585  -71.526   17.705  -71.289   18.288  -70.988   18.376  -70.569
   18.260  -70.520   18.224  -70.143   18.405  -69.966   18.462  -69.381
   18.431  -68.927   18.174  -68.806   18.163  -68.362
  12                 17.887   18.527  -67.238  -64.184   18.496  -67.238
   17.887  -67.207   17.978  -65.843   18.225  -65.582   18.527  -64.184
   18.409  -65.732
  26                 17.658   18.525  -78.569  -76.139   17.834  -77.371
   17.658  -77.139   17.862  -76.881   17.985  -76.853   17.854  -76.596
   17.853  -76.139   18.018  -76.203   18.525  -77.235   18.525  -77.779
   18.489  -78.191   18.248  -78.569   18.129  -78.013   17.863  -77.786

  20                 21.260   26.426  -79.008  -71.162   26.426  -79.008
   25.716  -77.585   24.494  -76.228   23.076  -74.826   22.040  -73.036
   21.260  -71.162   22.007  -73.098   23.032  -74.862   24.547  -76.382
   25.677  -77.648
  28                 12.057   18.364  -63.397  -60.920   12.057  -61.734
   12.835  -61.233   13.999  -60.920   14.746  -60.988   15.813  -61.387
   16.831  -61.910   17.785  -62.591   18.364  -63.397   17.616  -62.584
   16.702  -61.933   15.686  -61.411   14.796  -61.126   13.939  -60.978
   12.828  -61.305
  24                 63.469   66.569  -23.901  -13.421   65.518  -23.901
   63.815  -21.567   63.469  -18.547   64.219  -15.171   65.148  -13.421
   66.181  -14.893   66.535  -16.195   66.165  -18.542   66.083  -20.357
   65.938  -21.295   66.569  -22.830   66.107  -23.833
 518                -34.460   80.840 -180.000  180.000    4.527    8.930
    2.907   10.010   -0.873    8.822   -4.761   11.522   -8.540   13.250
  -11.456   14.114  -16.964   11.414  -19.232   12.062  -23.120   14.870
  -28.952   16.382  -34.460   18.758  -34.136   25.454  -31.328   30.205
  -28.304   32.257  -24.416   34.741  -19.772   34.633  -15.128   40.789
  -10.808   40.357   -5.192   38.737   -1.606   41.578    2.260   45.838
    5.389   48.516    8.263   50.268   11.807   51.217   10.890   45.591
   10.380   44.583   11.286   43.487   12.685   43.737   12.874   44.926
   14.134   48.884   15.852   52.303   17.140   55.244   19.055   57.887
   20.504   58.501   22.212   60.190   23.746   58.413   23.822   57.254
   24.770   56.423   25.613   57.502   25.156   61.467   25.492   66.164
   23.871   67.820   21.910   69.122   20.672   70.874   21.387   72.433
   16.759   73.056   12.332   75.073    9.711   76.213    8.091   77.617
    5.823   80.209    6.795   81.937   11.007   79.561   13.383   80.317
   16.083   80.317   21.591   87.877   22.671   91.656   18.567   94.572
   16.083   94.464   16.407   97.704   12.735   99.216    9.819   98.460
    8.415   98.244    5.499  100.080    2.475  101.592    0.747  104.400
    5.715  102.672    7.119  100.512   10.035   98.892   13.167  100.728
   12.087  102.780   10.791  103.428   10.143  104.724    8.415  104.940
    9.927  106.884   10.374  107.353   11.607  109.226   15.361  108.808
   16.964  107.182   18.590  105.529   19.827  105.958   21.209  107.381
   21.728  108.379   21.296  109.548   20.348  109.751   19.635  108.747
   18.557  108.723   18.085  109.804   19.572  110.810   21.083  110.352
   22.426  114.127   23.003  116.112   24.712  118.630   26.459  119.938
   29.159  121.680   31.460  121.826   35.229  119.400   37.190  122.839
   38.202  125.101   37.327  126.354   34.293  126.849   34.763  129.264
   36.698  129.366   39.399  127.605   39.938  128.260   41.341  129.641
   43.151  130.742   42.640  132.374   43.218  134.937   48.760  140.219
   49.793  142.188   45.306  141.537   42.533  140.584   40.099  140.338
   38.163  138.861   37.622  137.348   35.767  135.847   35.850  133.593
   34.615  131.046   33.478  129.580   31.084  130.866   32.896  132.778
   33.422  135.270   35.315  140.081   40.125  141.775   43.544  146.022
   46.986  152.188   44.515  146.487   45.172  142.708   49.174  144.394
   52.713  144.524   53.727  142.781   53.327  141.491   54.119  139.609
   54.218  137.034   55.010  135.252   57.189  138.916   59.071  142.184
   59.071  143.274   59.269  148.226   59.071  151.692   59.071  155.158
   57.981  157.832   56.397  155.653   53.327  155.950   51.445  156.248
   50.851  157.040   53.426  160.110   56.808  163.128   59.098  162.767
   60.325  165.628   60.136  169.982   62.675  177.214   62.756  179.714
   64.692  177.808   65.710 -178.481   64.508 -173.638   66.076 -170.054
   67.105 -171.704   68.859 -178.568   70.114  173.510   69.899  166.581
   70.816  157.228   71.384  149.962   72.715  141.862   71.895  136.520
   71.447  131.266   72.947  122.311   73.357  117.842   76.051  113.413
   77.494  105.294   80.840   97.538   79.719   91.673   76.140   98.704
   75.841   92.425   74.799   87.178   73.182   74.537   72.403   69.635
   70.937   67.940   69.617   64.256   70.420   58.128   71.524   55.171
   74.007   57.671   75.601   65.084   76.652   68.984   77.061   65.350
   75.203   55.490   72.910   52.263   71.054   51.537   68.980   60.795
   68.678   52.875   68.287   40.065   69.515   33.268   71.144   28.572
   70.922   24.748   70.350   22.130   69.975   19.498   67.680   15.108
   66.060   12.867   65.375   12.250   64.657   11.261   63.159    8.263
   61.855    5.167   61.855    5.167   59.652    5.221   58.603    5.653
   58.030    7.663   56.507    7.928   53.780    8.726   53.408    7.159
   52.833    4.929   51.889    3.947   51.045    2.636   50.794    1.554
   50.393    1.776   49.475    0.296   49.628   -2.007   48.491   -4.769
   47.849   -4.375   47.442   -2.602   46.685   -1.902   45.601   -1.260
   44.190   -1.339   43.340   -1.591   43.458   -3.398   43.422   -5.562
   43.797   -8.010   43.036   -9.307   42.360   -8.842   41.072   -8.692
   40.069   -8.904   39.139   -9.470   37.631   -8.690   36.658   -7.597
   36.719   -5.643   35.421   -5.340   32.512   -9.311   30.608   -9.621
   28.728  -10.681   27.706  -11.988   27.283  -13.533   25.254  -14.589
   23.587  -15.548   22.016  -16.940   20.972  -16.830   19.165  -16.298
   17.445  -16.066   14.729  -17.200   13.638  -16.585   12.384  -16.947
   11.451  -15.362    8.945  -13.108    7.488  -12.579    4.190   -7.456
    5.342   -5.043    4.818   -1.976    5.734    1.012    6.500    4.088
    5.177    5.382    4.293    6.624
 640                -55.008   83.766 -177.248  -12.523    3.426  -77.171
    1.970  -78.962    0.291  -80.194   -2.171  -81.425   -5.418  -81.425
   -7.433  -79.298  -14.037  -76.052  -15.716  -74.932  -18.515  -70.567
  -23.104  -70.007  -30.045  -71.462  -33.179  -71.350  -37.545  -73.701
  -43.701  -74.261  -47.172  -75.492  -53.105  -73.589  -54.560  -70.567
  -55.008  -65.082  -51.649  -69.000  -47.731  -66.201  -42.806  -64.746
  -40.455  -62.171  -37.881  -57.582  -34.634  -54.335  -28.254  -48.514
  -25.679  -48.514  -22.321  -41.462  -17.843  -39.223  -12.694  -38.999
   -9.783  -36.201   -7.880  -34.746   -5.418  -35.082   -4.162  -37.999
   -2.666  -40.517   -2.592  -43.837   -0.643  -47.885   -0.190  -48.450
   -0.049  -50.365    1.286  -50.103    4.322  -51.386    5.812  -54.165
    5.973  -56.957    7.428  -58.417    9.128  -60.686   10.682  -61.028
   10.514  -63.885   10.628  -66.106   10.629  -68.131   11.707  -69.887
   12.527  -71.518   11.929  -72.235   11.330  -73.245   11.351  -74.078
   11.114  -74.829   10.660  -75.594    9.627  -75.689    8.511  -76.900
    9.321  -78.182    9.540  -79.560    8.928  -81.365   11.076  -83.824
   15.246  -83.289   15.906  -84.674   16.014  -85.963   15.735  -86.288
   15.845  -87.796   15.902  -88.398   16.343  -88.436   17.019  -88.275
   18.210  -87.921   19.289  -87.540   19.691  -87.459   20.330  -87.486
   20.574  -86.860   21.359  -86.735   24.814  -81.204   24.703  -80.816
   25.245  -80.401   26.122  -80.055   27.258  -80.271   27.997  -80.611
   28.745  -80.771   30.365  -81.399   31.498  -81.277   32.267  -80.650
   33.266  -79.249   33.853  -78.777   34.140  -77.986   34.672  -77.028
   34.815  -76.332   35.189  -75.772   36.490  -75.513   37.397  -75.689
   38.693  -75.262   39.782  -74.388   40.582  -73.922   41.127  -72.327
   41.632  -70.163   42.190  -70.252   44.571  -69.037   45.121  -67.559
   44.600  -66.297   43.990  -65.699   44.307  -63.319   44.749  -61.783
   45.561  -60.100   47.527  -58.626   47.876  -57.616   47.174  -54.345
   47.673  -52.105   48.835  -52.755   49.573  -53.934   50.009  -55.971
   51.157  -56.020   52.459  -55.640   53.775  -56.891   55.110  -58.775
   56.107  -60.843   56.875  -62.365   58.121  -62.910   59.556  -64.245
   59.930  -64.506   61.754  -64.980   63.720  -65.389   64.822  -63.819
   66.718  -61.139   67.280  -63.070   68.026  -64.988   68.466  -66.813
   69.159  -67.115   69.774  -67.302   70.181  -67.781   70.645  -68.344
   71.535  -71.810   71.773  -73.731   72.049  -74.236   72.455  -75.165
   72.967  -76.336   73.580  -77.382   73.759  -80.506   74.562  -80.996
   74.632  -80.156   74.917  -79.351   75.345  -79.532   76.078  -80.087
   76.385  -78.655   76.610  -77.579   76.962  -77.902   77.635  -77.764
   78.170  -75.630   78.050  -72.509   77.569  -70.140   77.111  -71.465
   76.495  -69.695   76.084  -68.313   75.926  -65.714   76.181  -64.161
   76.245  -62.050   75.858  -59.368   75.399  -58.557   74.909  -57.517
   74.117  -56.339   73.088  -55.383   72.490  -55.503   71.688  -55.781
   71.457  -55.373   70.737  -54.550   70.303  -54.745   69.788  -55.058
   69.410  -54.286   68.291  -53.373   67.058  -53.833   66.132  -53.560
   65.055  -52.170   64.184  -52.035   63.508  -51.413   63.111  -50.946
   62.494  -50.270   61.356  -49.017   60.814  -48.218   60.067  -45.093
   59.998  -44.645   60.096  -43.140   60.650  -42.780   62.025  -42.123
   62.425  -42.173   63.538  -40.839   64.509  -39.946   65.479  -38.754
   66.248  -34.449   67.801  -31.737   68.861  -25.681   70.068  -23.134
   72.412  -22.231   74.136  -22.479   75.616  -20.444   77.354  -20.508
   78.486  -20.241   80.689  -14.529   81.994  -12.523   83.766  -29.719
   81.757  -54.311   83.299  -69.232   82.943  -80.025   82.412  -85.771
   81.687  -91.970   81.241  -94.091   80.342  -96.706   79.657  -96.323
   79.297 -105.633   78.321 -104.639   76.846 -108.540   77.383 -115.271
   77.306 -118.967   76.211 -122.882   74.330 -124.690   73.661 -124.373
   72.853 -124.934   71.944 -125.887   70.560 -127.999   70.115 -130.752
   69.912 -133.031   68.886 -136.557   69.925 -141.874   70.166 -146.829
   70.498 -152.380   71.341 -155.842   70.041 -161.477   68.615 -165.268
   67.106 -163.076   67.050 -163.247   66.461 -164.379   66.447 -164.155
   63.660 -162.974   61.686 -165.874   59.475 -162.928   59.322 -160.470
   58.747 -158.838   56.991 -160.551   54.647 -164.578   53.506 -168.828
   52.340 -173.996   51.499 -177.248   52.256 -172.220   54.846 -161.412
   56.892 -155.917   58.278 -153.640   59.467 -151.065   60.853 -147.994
   60.655 -144.033   59.863 -141.260   58.675 -137.596   56.496 -134.922
   55.109 -132.446   54.416 -130.168   52.534 -128.385   50.851 -128.385
   48.474 -125.315   46.691 -124.027   44.664 -124.020   42.887 -124.507
   42.057 -124.178   40.973 -124.122   40.558 -124.432   39.815 -123.847
   39.295 -123.860   37.996 -122.775   37.273 -122.369   36.481 -121.894
   35.151 -120.696   34.564 -120.550   34.457 -120.246   34.363 -119.470
   33.850 -118.787   33.671 -118.161   32.621 -117.109   31.945 -116.839
   30.371 -115.976   29.559 -115.370   28.655 -114.022   27.906 -114.161
   27.734 -115.042   27.176 -114.480   27.057 -113.919   26.572 -113.079
   26.112 -112.303   25.508 -112.088   24.892 -112.380   23.489 -110.237
   22.818 -109.912   23.214 -109.406   24.688 -107.904   23.470 -106.554
   22.435 -105.671   21.983 -105.686   21.497 -105.177   20.777 -105.526
   20.352 -105.706   19.639 -105.361   18.156 -103.196   17.117 -100.519
   15.652  -96.328   16.141  -94.369   15.391  -93.077   14.614  -92.031
   13.732  -90.649   13.013  -88.488   12.722  -87.322   11.151  -85.757
   10.147  -85.930    9.810  -85.275    7.939  -82.745    7.229  -80.732
    7.561  -80.205    8.552  -79.935    8.952  -78.990    8.215  -78.174
    7.424  -78.008    6.381  -77.296    5.131  -77.257
