

  74                 15.030   10.984  -72.006  -80.013   15.030  -72.006
   12.457  -72.011   12.449  -72.154   12.434  -72.215   12.382  -72.299
   12.298  -72.354   12.222  -72.369   12.136  -72.347   12.041  -72.394
   11.986  -72.490   11.974  -72.588   11.866  -72.859   11.586  -73.260
   11.479  -73.370   11.465  -73.766   11.493  -73.847   11.526  -73.899
   11.555  -74.004   11.552  -74.079   11.527  -74.197   11.478  -74.297
   11.420  -74.356   11.311  -74.422   11.184  -74.438   11.284  -74.739
   11.310  -74.784   11.325  -74.861   11.310  -74.937   11.276  -74.992
   11.210  -75.063   11.108  -75.165   11.041  -75.208   10.995  -75.294
   10.984  -75.341   10.990  -80.013   15.030  -80.013   15.030  -72.006
 264                 22.485   18.009  -75.969  -85.004   22.484  -82.344
   22.395  -82.363   22.319  -82.347   22.235  -82.292   22.173  -82.205
   22.126  -82.102   21.999  -81.900   21.972  -81.762   22.003  -81.605
   21.995  -81.541   21.933  -81.478   21.900  -81.425   21.885  -81.354
   21.901  -81.167   21.863  -81.060   21.840  -80.903   21.859  -80.767
   21.851  -80.591   21.860  -80.538   21.740  -80.404   21.665  -80.279
   21.636  -80.180   21.582  -80.129   21.539  -80.064   21.524  -79.988
   21.539  -79.902   21.507  -79.799   21.498  -79.717   21.410  -79.539
   21.349  -79.302   21.344  -79.171   21.395  -78.951   21.393  -78.894
   21.415  -78.807   21.384  -78.778   21.327  -78.756   21.134  -78.706
   20.955  -78.680   20.890  -78.636   20.752  -78.404   20.544  -78.178
   20.514  -78.125   20.499  -78.059   20.493  -77.943   20.512  -77.849
   20.495  -77.763   20.483  -77.521   20.486  -77.453   20.507  -77.365
   20.451  -77.312   20.380  -77.486   20.205  -77.718   19.988  -77.904
   19.947  -77.927   19.871  -77.942   19.810  -77.934   19.713  -77.883
   19.652  -77.802   19.622  -77.673   19.658  -77.330   19.705  -77.214
   19.683  -77.097   19.680  -76.975   19.731  -76.766   19.746  -76.479
   19.770  -76.387   19.791  -76.236   19.760  -75.969   18.009  -75.983
   18.012  -76.264   18.078  -76.293   18.150  -76.342   18.223  -76.640
   18.266  -76.703   18.273  -76.788   18.345  -76.854   18.394  -76.945
   18.412  -77.040   18.407  -77.137   18.428  -77.166   18.452  -77.247
   18.457  -77.408   18.489  -77.561   18.479  -77.640   18.522  -77.864
   18.509  -77.921   18.441  -78.000   18.452  -78.019   18.451  -78.211
   18.361  -78.340   18.299  -78.343   18.255  -78.374   18.235  -78.362
   18.219  -78.339   18.190  -78.231   18.203  -78.129   18.196  -78.057
   18.030  -77.949   18.051  -80.001   18.058  -84.999   21.654  -85.004
   21.634  -84.948   21.616  -84.816   21.630  -84.742   21.659  -84.686
   21.617  -84.650   21.581  -84.592   21.566  -84.501   21.581  -84.406
   21.602  -84.351   21.697  -84.216   21.719  -84.167   21.732  -84.122
   21.714  -84.029   21.729  -83.952   21.755  -83.908   21.803  -83.852
   21.871  -83.806   21.969  -83.792   21.975  -83.657   21.996  -83.579
   21.975  -83.479   22.017  -83.292   22.060  -83.227   22.129  -83.171
   22.147  -83.092   22.181  -83.037   22.247  -82.974   22.340  -82.924
   22.441  -82.710   22.485  -82.653   22.484  -82.344
  56                 22.143   21.233  -82.343  -83.391   21.979  -83.217
   21.908  -83.264   21.794  -83.289   21.765  -83.333   21.700  -83.376
   21.623  -83.391   21.551  -83.378   21.429  -83.323   21.377  -83.280
   21.278  -83.149   21.233  -82.897   21.246  -82.809   21.299  -82.635
   21.362  -82.505   21.433  -82.403   21.497  -82.360   21.590  -82.343
   21.653  -82.353   21.816  -82.408   21.903  -82.465   21.948  -82.525
   22.032  -82.575   22.075  -82.639   22.125  -82.798   22.143  -82.974
   22.127  -83.051   22.084  -83.116   21.979  -83.217
  26                 19.354   19.265  -81.093  -81.401   19.327  -81.271
   19.307  -81.314   19.304  -81.356   19.326  -81.395   19.285  -81.401
   19.267  -81.391   19.265  -81.264   19.303  -81.106   19.333  -81.093
   19.353  -81.112   19.354  -81.254   19.343  -81.275   19.327  -81.271
  50                 15.003    6.987  -54.980  -60.000   15.003  -54.980
    6.987  -54.980    6.987  -58.498    7.012  -58.479    7.124  -58.466
    7.206  -58.480    7.291  -58.468    7.351  -58.477    7.422  -58.540
    7.601  -58.662    7.636  -58.719    7.584  -58.714    7.718  -58.796
    7.939  -59.051    8.034  -59.126    8.374  -59.687    8.400  -59.750
    8.401  -59.798    8.383  -59.802    8.360  -59.766    8.340  -59.780
    8.360  -59.834    8.559  -60.000   15.003  -60.000   15.003  -54.980
  20                 13.333   13.056  -59.428  -59.660   13.056  -59.505
   13.099  -59.450   13.165  -59.428   13.215  -59.520   13.333  -59.595
   13.332  -59.642   13.293  -59.660   13.143  -59.643   13.079  -59.604
   13.056  -59.505
  10                 27.011   21.995  -64.997  -70.009   21.995  -70.006
   27.011  -70.009   27.005  -64.997   22.003  -64.999   21.995  -70.006
 108                 22.014   18.058  -84.999  -87.665   21.654  -85.004
   18.058  -84.999   18.058  -87.665   18.238  -87.641   18.332  -87.578
   18.368  -87.567   18.585  -87.540   18.683  -87.470   18.825  -87.430
   18.980  -87.407   19.218  -87.303   19.291  -87.289   19.337  -87.296
   19.429  -87.243   19.542  -87.216   19.582  -87.212   19.658  -87.228
   19.754  -87.295   19.824  -87.260   19.900  -87.245   20.026  -87.270
   20.099  -87.264   20.206  -87.196   20.115  -87.141   20.072  -87.076
   20.056  -86.993   20.071  -86.917   20.097  -86.870   20.145  -86.807
   20.220  -86.737   20.374  -86.628   20.512  -86.554   20.589  -86.539
   20.665  -86.554   20.730  -86.597   20.774  -86.662   20.781  -86.701
   20.911  -86.642   21.107  -86.582   21.094  -86.793   21.153  -86.775
   21.180  -86.811   21.294  -86.826   21.343  -86.812   21.409  -86.816
   21.429  -86.830   21.442  -86.894   21.580  -87.005   22.014  -87.005
   21.981  -85.123   21.863  -85.153   21.780  -85.136   21.706  -85.087
   21.654  -85.004
 104                 18.058   15.924  -84.997  -88.453   18.058  -84.999
   16.191  -84.997   16.170  -85.103   16.105  -85.217   16.089  -85.470
   16.193  -85.729   16.219  -85.901   16.221  -86.012   16.206  -86.088
   16.163  -86.153   16.083  -86.199   16.065  -86.263   16.031  -86.327
   15.977  -86.389   16.001  -86.499   15.984  -86.809   15.956  -86.915
   16.036  -87.313   16.007  -87.456   16.106  -87.631   16.118  -87.740
   16.084  -87.905   16.047  -87.998   15.924  -88.176   16.114  -88.453
   16.157  -88.389   16.340  -88.251   16.360  -88.220   16.425  -88.177
   16.567  -88.118   16.814  -88.080   16.886  -88.029   16.962  -88.013
   17.115  -88.042   17.090  -88.001   17.075  -87.924   17.090  -87.848
   17.134  -87.783   17.199  -87.740   17.248  -87.730   17.288  -87.678
   17.426  -87.595   17.536  -87.582   17.595  -87.596   17.660  -87.640
   17.732  -87.734   17.746  -87.787   17.744  -87.847   17.781  -87.804
   17.845  -87.760   18.058  -87.665   18.058  -84.999
  20                 16.437   16.269  -86.262  -86.635   16.269  -86.627
   16.309  -86.574   16.322  -86.516   16.399  -86.374   16.424  -86.262
   16.437  -86.337   16.407  -86.446   16.339  -86.597   16.293  -86.635
   16.269  -86.627
  48                 18.058   15.030  -80.001  -84.999   18.051  -80.001
   15.030  -80.013   15.030  -82.939   15.069  -82.947   15.134  -82.991
   15.178  -83.055   15.210  -83.136   15.307  -83.175   15.366  -83.215
   15.408  -83.263   15.439  -83.312   15.532  -83.540   15.547  -83.617
   15.536  -83.671   15.601  -83.714   15.778  -83.902   15.978  -84.131
   16.011  -84.184   16.049  -84.458   16.039  -84.567   16.162  -84.844
   16.191  -84.997   18.058  -84.999   18.051  -80.001
 118                 18.059   15.030  -72.001  -80.013   17.942  -72.899
   17.942  -72.780   17.980  -72.679   17.983  -72.539   17.998  -72.469
   18.020  -72.437   18.030  -72.368   18.016  -72.228   18.033  -72.091
   17.990  -72.001   15.030  -72.006   15.030  -80.013   18.051  -80.001
   18.030  -77.949   18.012  -77.849   17.888  -77.792   17.850  -77.736
   17.859  -77.566   17.837  -77.507   17.860  -77.412   17.822  -77.349
   17.719  -77.227   17.697  -77.166   17.714  -77.130   17.729  -77.126
   17.760  -77.144   17.780  -77.194   17.862  -77.149   17.896  -77.102
   17.888  -77.036   17.845  -77.005   17.829  -76.952   17.852  -76.914
   17.983  -76.848   17.987  -76.833   17.967  -76.801   17.963  -76.746
   17.929  -76.658   17.861  -76.594   17.856  -76.351   17.880  -76.265
   17.904  -76.221   18.012  -76.264   18.009  -75.983   17.994  -74.102
   17.896  -74.043   17.875  -74.018   17.838  -73.958   17.823  -73.882
   17.823  -73.808   17.841  -73.722   17.894  -73.647   17.958  -73.605
   18.015  -73.594   18.059  -73.423   18.055  -73.383   18.023  -73.302
   17.983  -73.056   17.942  -72.899
 124                 20.016   17.994  -72.963  -75.983   19.906  -73.598
   19.809  -73.645   19.688  -73.665   19.611  -73.650   19.535  -73.601
   19.465  -73.513   19.434  -73.438   19.414  -73.159   19.420  -73.111
   19.350  -72.963   19.221  -73.001   19.132  -72.979   19.104  -72.988
   19.158  -73.135   19.168  -73.232   19.143  -73.339   19.086  -73.429
   19.004  -73.485   18.901  -73.498   18.825  -73.476   18.712  -73.385
   18.719  -73.436   18.770  -73.515   18.785  -73.591   18.769  -73.727
   18.743  -73.802   18.785  -73.959   18.847  -74.085   18.866  -74.172
   18.865  -74.282   18.830  -74.433   18.800  -74.499   18.751  -74.564
   18.665  -74.615   18.451  -74.668   18.265  -74.631   18.201  -74.588
   18.109  -74.449   18.082  -74.322   18.097  -74.245   17.994  -74.102
   18.009  -75.983   19.760  -75.969   19.758  -75.780   19.701  -75.659
   19.678  -75.543   19.677  -75.335   19.711  -75.165   19.695  -75.056
   19.719  -74.939   19.745  -74.889   19.806  -74.820   19.850  -74.729
   19.854  -74.582   19.877  -74.377   19.857  -74.284   19.871  -74.210
   19.916  -74.128   20.004  -74.034   20.016  -73.482   19.966  -73.555
   19.906  -73.598
 168                 10.994    8.646  -75.341  -83.443   10.984  -75.341
   10.940  -75.405   10.863  -75.452   10.801  -75.549   10.734  -75.617
   10.627  -75.689   10.550  -75.704   10.462  -75.687   10.257  -75.729
   10.211  -75.756   10.135  -75.777   10.020  -75.786    9.760  -75.861
    9.684  -75.845    9.638  -75.822    9.607  -75.995    9.512  -76.183
    9.479  -76.229    9.312  -76.357    9.108  -76.434    9.091  -76.503
    9.048  -76.568    8.994  -76.604    8.857  -76.770    8.807  -76.961
    8.764  -77.026    8.646  -77.113    8.804  -77.206    8.860  -77.290
    8.872  -77.380    8.919  -77.417    9.023  -77.556    9.102  -77.592
    9.189  -77.664    9.413  -77.958    9.519  -78.286    9.613  -78.476
    9.628  -78.547    9.629  -78.788    9.679  -78.821    9.722  -78.886
    9.739  -78.936    9.748  -78.995    9.740  -79.235    9.760  -79.387
    9.805  -79.458    9.820  -79.534    9.779  -79.702    9.691  -79.813
    9.596  -79.866    9.538  -80.044    9.494  -80.109    9.387  -80.207
    9.355  -80.301    9.321  -80.474    9.243  -80.678    9.143  -80.856
    9.070  -80.929    8.996  -81.139    8.983  -81.203    8.991  -81.439
    9.305  -81.725    9.358  -81.810    9.373  -81.886    9.353  -81.985
    9.310  -82.050    9.245  -82.093    9.205  -82.103    9.319  -82.170
    9.407  -82.164    9.484  -82.179    9.549  -82.222    9.702  -82.407
    9.784  -82.523    9.812  -82.583    9.828  -82.655   10.092  -82.870
   10.158  -82.968   10.422  -83.181   10.576  -83.287   10.651  -83.323
   10.994  -83.443   10.990  -80.013   10.984  -75.341
  82                 15.030   10.990  -80.013  -83.670   10.990  -80.013
   10.994  -83.443   11.066  -83.501   11.123  -83.605   11.230  -83.655
   11.319  -83.670   11.407  -83.615   11.418  -83.577   11.461  -83.512
   11.526  -83.469   11.603  -83.454   11.700  -83.459   11.931  -83.521
   11.974  -83.492   12.041  -83.477   12.196  -83.470   12.206  -83.419
   12.250  -83.354   12.347  -83.294   12.424  -83.279   12.542  -83.298
   12.617  -83.340   12.903  -83.302   13.211  -83.362   13.373  -83.360
   13.683  -83.299   13.870  -83.250   13.940  -83.181   14.064  -83.094
   14.168  -83.033   14.256  -82.997   14.359  -82.988   14.489  -83.012
   14.625  -83.055   14.773  -83.118   14.852  -82.991   14.916  -82.947
   14.993  -82.932   15.030  -82.939   15.030  -80.013   10.990  -80.013
  90                 18.265   15.030  -64.000  -72.006   15.031  -64.007
   15.030  -72.006   17.990  -72.001   17.912  -71.947   17.877  -71.900
   17.851  -71.838   17.760  -71.810   17.705  -71.776   17.463  -71.565
   17.420  -71.500   17.404  -71.424   17.425  -71.332   17.477  -71.255
   17.740  -71.098   17.803  -71.034   17.968  -70.923   18.066  -70.875
   18.142  -70.738   18.065  -70.687   18.021  -70.622   17.995  -70.508
   18.004  -70.432   18.033  -70.353   18.025  -70.211   18.048  -70.078
   18.092  -70.013   18.242  -69.884   18.265  -69.845   18.258  -69.728
   18.203  -69.517   18.226  -69.372   18.227  -69.244   18.195  -69.101
   18.201  -68.982   18.113  -68.974   18.021  -68.923   17.989  -68.897
   17.927  -68.783   17.902  -68.573   17.917  -68.497   17.988  -68.409
   17.987  -68.000   17.000  -68.000   17.000  -64.000   15.031  -64.007
  10                 19.000   15.003  -54.980  -60.000   15.003  -60.000
   18.999  -59.995   19.000  -54.980   15.003  -54.980   15.003  -60.000
  14                 31.008   27.011  -70.009  -76.996   31.005  -70.009
   27.011  -70.009   27.019  -76.995   31.008  -76.996   31.008  -73.769
   31.008  -70.559   31.005  -70.009
  80                 22.003   17.987  -64.999  -70.021   19.882  -70.021
   21.995  -70.006   22.003  -64.999   19.500  -65.010   19.500  -65.010
   19.500  -68.000   17.987  -68.000   17.988  -68.409   18.032  -68.384
   18.108  -68.369   18.167  -68.378   18.213  -68.310   18.259  -68.275
   18.523  -68.138   18.599  -68.123   18.646  -68.128   18.693  -68.141
   18.759  -68.182   18.822  -68.249   18.937  -68.418   19.065  -68.550
   19.126  -68.630   19.215  -68.847   19.230  -68.968   19.295  -68.958
   19.371  -68.973   19.432  -69.013   19.502  -69.078   19.545  -69.143
   19.565  -69.236   19.552  -69.308   19.525  -69.367   19.535  -69.523
   19.504  -69.684   19.626  -69.683   19.694  -69.700   19.762  -69.742
   19.820  -69.803   19.860  -69.869   19.882  -70.021
 150                 21.995   19.831  -70.006  -77.339   21.995  -70.006
   19.882  -70.021   19.866  -70.115   19.831  -70.176   19.838  -70.214
   19.895  -70.267   19.967  -70.378   19.983  -70.471   19.956  -70.575
   20.004  -70.658   20.038  -70.689   20.088  -70.765   20.131  -70.993
   20.108  -71.122   20.037  -71.226   20.029  -71.258   20.103  -71.465
   20.108  -71.584   20.090  -71.701   20.078  -71.742   20.035  -71.807
   19.919  -71.918   19.922  -72.076   19.958  -72.270   20.005  -72.414
   20.081  -72.438   20.166  -72.505   20.228  -72.608   20.281  -72.744
   20.291  -72.810   20.284  -72.897   20.259  -73.002   20.200  -73.096
   20.122  -73.142   20.107  -73.231   20.034  -73.373   20.016  -73.482
   20.004  -74.034   20.115  -73.949   20.230  -73.932   20.328  -73.958
   20.393  -74.001   20.475  -74.108   20.500  -74.151   20.515  -74.227
   20.496  -74.347   20.529  -74.395   20.625  -74.461   20.734  -74.605
   20.776  -74.666   20.870  -74.879   20.892  -74.962   20.933  -75.394
   21.007  -75.380   21.083  -75.395   21.151  -75.430   21.212  -75.475
   21.296  -75.608   21.321  -75.679   21.333  -75.814   21.291  -75.982
   21.357  -76.066   21.406  -76.190   21.459  -76.288   21.474  -76.351
   21.481  -76.501   21.539  -76.585   21.580  -76.769   21.608  -76.812
   21.726  -76.921   21.766  -76.980   21.794  -76.999   21.984  -77.339
   21.992  -72.030   21.995  -70.006
  12                 21.959   21.823  -71.882  -72.032   21.823  -71.882
   21.945  -71.914   21.959  -72.005   21.945  -72.032   21.904  -72.030
   21.823  -71.882
  20                 21.856   21.739  -71.633  -71.852   21.843  -71.852
   21.775  -71.826   21.790  -71.769   21.788  -71.716   21.739  -71.659
   21.744  -71.643   21.773  -71.633   21.832  -71.667   21.856  -71.848
   21.843  -71.852
  18                 21.542   21.434  -72.910  -73.068   21.501  -73.068
   21.434  -73.038   21.457  -73.011   21.480  -72.957   21.480  -72.929
   21.498  -72.910   21.542  -72.978   21.519  -73.057   21.501  -73.068
  10                 21.510   21.429  -71.127  -71.152   21.510  -71.133
   21.471  -71.152   21.429  -71.146   21.442  -71.127   21.510  -71.133
  38                 21.333   20.914  -73.002  -73.703   21.333  -73.032
   21.317  -73.071   21.272  -73.085   21.188  -73.139   21.136  -73.260
   21.195  -73.422   21.184  -73.537   21.082  -73.656   21.000  -73.703
   20.930  -73.685   20.914  -73.663   20.946  -73.596   20.924  -73.453
   20.935  -73.311   20.971  -73.151   21.175  -73.020   21.312  -73.002
   21.327  -73.008   21.333  -73.032
  14                 18.999   15.003  -59.995  -64.007   18.999  -59.995
   15.003  -60.000   15.003  -61.791   15.031  -64.007   17.000  -64.000
   18.998  -64.000   18.999  -59.995
  32                 17.727   17.542  -61.730  -61.876   17.712  -61.862
   17.653  -61.825   17.614  -61.841   17.654  -61.841   17.706  -61.876
   17.584  -61.856   17.585  -61.818   17.546  -61.769   17.542  -61.734
   17.611  -61.730   17.652  -61.741   17.703  -61.788   17.692  -61.828
   17.705  -61.820   17.727  -61.841   17.712  -61.862
  30                 17.412   17.212  -62.623  -62.867   17.406  -62.827
   17.396  -62.852   17.373  -62.867   17.329  -62.842   17.293  -62.780
   17.279  -62.695   17.254  -62.672   17.212  -62.662   17.226  -62.623
   17.244  -62.624   17.289  -62.681   17.335  -62.700   17.368  -62.731
   17.412  -62.814   17.406  -62.827
  18                 17.204   17.092  -62.540  -62.628   17.092  -62.587
   17.095  -62.554   17.110  -62.540   17.179  -62.542   17.193  -62.550
   17.204  -62.609   17.122  -62.628   17.096  -62.613   17.092  -62.587
  60                 17.170   16.991  -61.668  -61.894   17.124  -61.847
   17.115  -61.846   17.120  -61.880   17.096  -61.894   17.084  -61.870
   17.072  -61.891   17.035  -61.890   17.018  -61.878   16.998  -61.831
   17.013  -61.776   16.999  -61.769   16.991  -61.734   17.034  -61.735
   17.024  -61.694   17.042  -61.668   17.063  -61.672   17.073  -61.696
   17.079  -61.671   17.093  -61.671   17.092  -61.721   17.108  -61.731
   17.119  -61.707   17.130  -61.710   17.128  -61.732   17.140  -61.746
   17.116  -61.765   17.161  -61.785   17.170  -61.828   17.137  -61.857
   17.124  -61.847
  16                 16.813   16.670  -62.138  -62.238   16.670  -62.171
   16.690  -62.138   16.749  -62.146   16.809  -62.176   16.813  -62.205
   16.715  -62.238   16.684  -62.211   16.670  -62.171
  62                 16.514   15.947  -61.205  -61.795   16.393  -61.523
   16.349  -61.500   16.291  -61.542   16.276  -61.582   16.281  -61.609
   16.326  -61.655   16.362  -61.729   16.334  -61.784   16.307  -61.795
   16.242  -61.795   16.052  -61.760   15.947  -61.689   15.989  -61.606
   16.031  -61.560   16.055  -61.552   16.200  -61.580   16.226  -61.565
   16.231  -61.534   16.207  -61.499   16.200  -61.455   16.252  -61.226
   16.267  -61.205   16.320  -61.268   16.345  -61.366   16.384  -61.396
   16.422  -61.390   16.474  -61.405   16.514  -61.463   16.486  -61.508
   16.452  -61.533   16.393  -61.523
  16                 16.015   15.871  -61.186  -61.331   15.973  -61.310
   15.932  -61.331   15.881  -61.308   15.871  -61.245   15.914  -61.186
   15.949  -61.198   16.015  -61.264   15.973  -61.310
  18                 15.631   15.201  -61.254  -61.493   15.201  -61.354
   15.259  -61.266   15.378  -61.254   15.579  -61.310   15.631  -61.470
   15.537  -61.493   15.419  -61.426   15.238  -61.381   15.201  -61.354
 424                 15.031    8.525  -60.000  -64.019   15.031  -64.007
   15.001  -61.790   15.003  -60.000    8.559  -60.000    8.568  -60.041
    8.585  -60.055    8.588  -60.046    8.593  -60.116    8.647  -60.348
    8.629  -60.406    8.597  -60.422    8.586  -60.405    8.565  -60.439
    8.537  -60.448    8.525  -60.466    8.537  -60.478    8.531  -60.493
    8.546  -60.512    8.563  -60.617    8.605  -60.733    8.586  -60.785
    8.597  -60.890    8.563  -60.886    8.545  -60.866    8.559  -60.889
    8.595  -60.899    8.571  -60.985    8.602  -60.984    8.601  -61.010
    8.630  -61.026    8.646  -60.994    8.630  -60.957    8.630  -60.915
    8.654  -60.886    8.653  -60.817    8.687  -60.791    8.704  -60.796
    8.682  -60.854    8.718  -60.782    8.727  -60.842    8.739  -60.848
    8.728  -60.908    8.735  -60.917    8.748  -60.914    8.767  -60.873
    8.783  -60.814    8.813  -60.807    8.805  -60.875    8.819  -60.849
    8.821  -60.865    8.846  -60.858    8.851  -60.831    8.868  -60.822
    8.867  -60.846    8.828  -60.920    8.837  -60.933    8.829  -60.958
    8.838  -60.951    8.829  -61.013    8.844  -61.012    8.863  -60.989
    8.876  -60.927    8.895  -60.902    8.973  -60.846    8.990  -60.871
    8.994  -60.843    9.006  -60.850    9.017  -60.905    9.019  -60.873
    9.035  -60.876    9.091  -60.844    9.102  -60.874    9.130  -60.855
    9.183  -60.845    9.193  -60.858    9.174  -60.914    9.193  -60.910
    9.181  -60.946    9.198  -60.957    9.257  -60.861    9.264  -60.826
    9.316  -60.816    9.307  -60.800    9.293  -60.800    9.312  -60.783
    9.377  -60.797    9.456  -60.868    9.484  -60.932    9.478  -60.975
    9.520  -60.974    9.511  -60.957    9.522  -60.957    9.569  -61.024
    9.584  -61.073    9.568  -61.130    9.605  -61.204    9.580  -61.196
    9.574  -61.212    9.628  -61.332    9.822  -61.485    9.850  -61.519
    9.902  -61.630    9.889  -61.657    9.859  -61.616    9.846  -61.623
    9.799  -61.571    9.788  -61.578    9.778  -61.593    9.791  -61.636
    9.787  -61.660    9.825  -61.765    9.825  -61.819    9.786  -61.797
    9.759  -61.801    9.756  -61.811    9.771  -61.830    9.800  -61.839
    9.822  -61.874    9.873  -61.915    9.948  -62.016    9.986  -62.091
   10.020  -62.200    9.972  -62.237    9.965  -62.258    9.920  -62.248
    9.910  -62.263    9.933  -62.279    9.925  -62.298    9.837  -62.306
    9.818  -62.314    9.810  -62.338    9.873  -62.362    9.928  -62.415
    9.935  -62.438    9.966  -62.419   10.197  -62.507   10.245  -62.587
   10.231  -62.618   10.167  -62.603   10.164  -62.623   10.201  -62.652
   10.270  -62.661   10.311  -62.679   10.327  -62.655   10.306  -62.664
   10.300  -62.657   10.337  -62.643   10.444  -62.734   10.493  -62.756
   10.484  -62.802   10.436  -62.801   10.430  -62.794   10.440  -62.788
   10.404  -62.774   10.423  -62.819   10.526  -62.835   10.521  -62.904
   10.555  -62.773   10.557  -62.706   10.573  -62.666   10.560  -62.573
   10.539  -62.519   10.554  -62.481   10.535  -62.433   10.555  -62.390
   10.533  -62.339   10.563  -62.299   10.624  -62.260   10.633  -62.234
   10.641  -62.126   10.632  -62.076   10.642  -62.071   10.635  -62.062
   10.642  -62.048   10.634  -62.031   10.654  -61.984   10.645  -61.957
   10.666  -61.929   10.663  -61.910   10.687  -61.901   10.675  -61.889
   10.688  -61.880   10.728  -61.873   10.739  -61.844   10.743  -61.858
   10.755  -61.855   10.734  -61.873   10.735  -61.915   10.716  -61.923
   10.726  -61.954   10.928  -61.985   10.895  -62.199   10.948  -62.698
   10.936  -62.798   10.901  -62.917   10.916  -62.990   10.920  -63.172
   10.904  -63.249   10.872  -63.312   10.869  -63.384   10.831  -63.561
   10.844  -63.669   10.902  -63.630   11.021  -63.605   11.092  -63.618
   11.254  -63.691   11.317  -63.744   11.360  -63.808   11.375  -63.885
   11.360  -63.961   11.327  -64.019   15.031  -64.007
  38                 14.881   14.402  -60.809  -61.230   14.600  -61.092
   14.608  -61.018   14.549  -60.998   14.560  -61.046   14.514  -61.103
   14.457  -61.058   14.473  -61.021   14.458  -60.859   14.426  -60.886
   14.402  -60.855   14.463  -60.809   14.541  -60.829   14.740  -60.939
   14.774  -60.877   14.764  -60.936   14.881  -61.165   14.860  -61.199
   14.805  -61.230   14.600  -61.092
  14                 14.106   13.717  -60.891  -61.081   13.717  -60.939
   13.784  -60.898   14.057  -60.891   14.106  -60.946   13.873  -61.081
   13.770  -61.052   13.717  -60.939
  26                 13.385   13.130  -61.121  -61.282   13.289  -61.249
   13.286  -61.267   13.207  -61.282   13.155  -61.244   13.130  -61.191
   13.134  -61.168   13.161  -61.147   13.249  -61.122   13.326  -61.121
   13.379  -61.143   13.385  -61.177   13.369  -61.210   13.289  -61.249
  14                 13.039   12.980  -61.200  -61.280   13.006  -61.249
   13.002  -61.237   12.980  -61.280   12.980  -61.229   13.039  -61.200
   13.024  -61.238   13.006  -61.249
   8                 12.961   12.950  -61.121  -61.136   12.960  -61.136
   12.950  -61.132   12.961  -61.121   12.960  -61.136
   8                 12.958   12.931  -61.144  -61.153   12.958  -61.144
   12.943  -61.153   12.931  -61.145   12.958  -61.144
   8                 12.957   12.944  -61.242  -61.268   12.957  -61.242
   12.944  -61.268   12.945  -61.244   12.957  -61.242
  12                 12.892   12.852  -61.158  -61.195   12.852  -61.186
   12.873  -61.158   12.892  -61.160   12.888  -61.186   12.862  -61.195
   12.852  -61.186
  14                 12.737   12.683  -61.309  -61.355   12.737  -61.309
   12.731  -61.338   12.709  -61.333   12.698  -61.355   12.683  -61.343
   12.689  -61.322   12.737  -61.309
  10                 12.646   12.621  -61.378  -61.403   12.621  -61.398
   12.632  -61.378   12.646  -61.388   12.630  -61.403   12.621  -61.398
  12                 12.613   12.579  -61.411  -61.460   12.579  -61.450
   12.600  -61.411   12.613  -61.434   12.610  -61.451   12.591  -61.460
   12.579  -61.450
   8                 12.586   12.576  -61.385  -61.403   12.581  -61.403
   12.576  -61.394   12.586  -61.385   12.581  -61.403
  20                 12.238   11.997  -61.595  -61.791   11.999  -61.780
   11.997  -61.699   12.014  -61.690   12.047  -61.628   12.125  -61.595
   12.232  -61.611   12.238  -61.659   12.198  -61.708   12.010  -61.791
   11.999  -61.780
  22                 11.346   11.141  -60.520  -60.848   11.141  -60.798
   11.182  -60.738   11.201  -60.688   11.201  -60.641   11.258  -60.531
   11.331  -60.520   11.346  -60.529   11.302  -60.658   11.178  -60.848
   11.156  -60.846   11.141  -60.798
  62                 10.841   10.040  -60.908  -61.925   10.793  -61.189
   10.781  -61.385   10.761  -61.419   10.743  -61.603   10.709  -61.663
   10.679  -61.660   10.624  -61.490   10.272  -61.466   10.233  -61.523
   10.243  -61.631   10.186  -61.679   10.129  -61.818   10.066  -61.922
   10.055  -61.925   10.040  -61.910   10.042  -61.880   10.080  -61.804
   10.063  -61.340   10.068  -61.203   10.075  -61.152   10.125  -61.044
   10.135  -60.996   10.352  -60.998   10.401  -61.022   10.682  -61.030
   10.739  -60.962   10.827  -60.908   10.840  -60.928   10.841  -61.026
   10.816  -61.144   10.793  -61.189
 126                 27.020   21.984  -72.030  -80.488   27.019  -76.995
   21.992  -72.030   21.984  -77.339   22.045  -77.380   22.086  -77.433
   22.150  -77.460   22.216  -77.517   22.253  -77.576   22.271  -77.664
   22.360  -77.720   22.399  -77.774   22.460  -77.901   22.565  -77.987
   22.617  -78.086   22.634  -78.168   22.698  -78.227   22.743  -78.314
   22.759  -78.401   22.752  -78.457   22.728  -78.522   22.755  -78.653
   22.741  -78.752   22.698  -78.817   22.604  -78.880   22.601  -79.029
   22.576  -79.132   22.617  -79.124   22.694  -79.140   22.779  -79.198
   22.855  -79.288   22.902  -79.387   22.967  -79.454   22.996  -79.504
   23.013  -79.602   22.997  -79.679   22.976  -79.723   22.990  -79.779
   23.020  -79.831   23.073  -79.867   23.113  -79.918   23.136  -79.961
   23.151  -80.038   23.128  -80.201   23.108  -80.264   23.158  -80.421
   23.239  -80.488   23.840  -80.488   23.938  -80.257   23.962  -80.269
   24.173  -79.947   24.424  -79.673   24.553  -79.566   24.661  -79.494
   25.025  -79.290   25.242  -79.215   25.346  -79.190   25.475  -79.179
   25.776  -79.095   26.172  -79.091   26.611  -79.034   26.837  -79.029
   27.020  -79.056   27.019  -76.995
  68                 26.930   25.880  -77.027  -77.950   26.897  -77.950
   26.909  -77.835   26.859  -77.654   26.864  -77.540   26.640  -77.351
   26.605  -77.346   26.580  -77.215   26.553  -77.153   26.521  -77.155
   26.453  -77.201   26.442  -77.227   26.416  -77.233   26.147  -77.221
   26.077  -77.308   26.026  -77.399   25.980  -77.303   25.889  -77.246
   25.880  -77.204   25.929  -77.187   26.075  -77.188   26.239  -77.164
   26.306  -77.078   26.306  -77.049   26.360  -77.027   26.518  -77.047
   26.581  -77.156   26.621  -77.274   26.669  -77.303   26.898  -77.546
   26.915  -77.597   26.904  -77.662   26.930  -77.827   26.920  -77.906
   26.897  -77.950
  10                 26.337   26.266  -77.536  -77.583   26.337  -77.572
   26.325  -77.583   26.266  -77.569   26.307  -77.536   26.337  -77.572
  50                 26.751   26.490  -77.909  -78.979   26.635  -78.238
   26.659  -78.021   26.642  -77.938   26.689  -77.909   26.745  -77.917
   26.751  -77.944   26.729  -77.967   26.702  -78.106   26.711  -78.246
   26.688  -78.327   26.734  -78.519   26.702  -78.600   26.609  -78.657
   26.584  -78.704   26.586  -78.798   26.641  -78.874   26.695  -78.979
   26.671  -78.969   26.542  -78.819   26.500  -78.759   26.490  -78.723
   26.496  -78.678   26.557  -78.546   26.611  -78.366   26.635  -78.238
  10                 25.786   25.700  -77.816  -77.889   25.700  -77.829
   25.716  -77.816   25.776  -77.856   25.786  -77.889   25.700  -77.829
  46                 25.560   24.689  -76.109  -76.736   25.253  -76.315
   25.177  -76.255   25.140  -76.172   25.077  -76.146   25.015  -76.145
   24.867  -76.212   24.818  -76.339   24.793  -76.321   24.689  -76.168
   25.067  -76.109   25.132  -76.118   25.288  -76.312   25.344  -76.349
   25.341  -76.410   25.399  -76.533   25.490  -76.679   25.545  -76.678
   25.560  -76.736   25.441  -76.716   25.426  -76.607   25.352  -76.513
   25.317  -76.356   25.253  -76.315
  42                 24.697   24.121  -75.289  -75.760   24.696  -75.740
   24.653  -75.760   24.621  -75.692   24.508  -75.597   24.360  -75.519
   24.289  -75.466   24.182  -75.474   24.156  -75.527   24.139  -75.516
   24.121  -75.463   24.150  -75.428   24.159  -75.346   24.143  -75.289
   24.224  -75.319   24.323  -75.405   24.370  -75.476   24.431  -75.523
   24.545  -75.593   24.653  -75.632   24.697  -75.715   24.696  -75.740
  20                 24.144   23.954  -74.423  -74.542   24.144  -74.461
   24.122  -74.512   24.101  -74.528   24.032  -74.525   23.969  -74.542
   23.956  -74.528   23.954  -74.490   24.042  -74.434   24.076  -74.423
   24.144  -74.461
  60                 24.295   23.726  -77.516  -77.878   23.928  -77.516
   24.120  -77.547   24.215  -77.606   24.210  -77.635   24.050  -77.703
   24.032  -77.717   24.031  -77.741   24.138  -77.754   24.219  -77.662
   24.230  -77.636   24.253  -77.633   24.295  -77.670   24.289  -77.698
   24.161  -77.853   24.073  -77.878   23.878  -77.809   23.786  -77.731
   23.776  -77.696   23.844  -77.605   23.844  -77.576   23.824  -77.589
   23.780  -77.669   23.767  -77.671   23.761  -77.682   23.783  -77.745
   23.742  -77.774   23.726  -77.605   23.738  -77.566   23.829  -77.523
   23.928  -77.516
  18                 24.256   24.147  -77.798  -77.972   24.256  -77.806
   24.253  -77.852   24.194  -77.972   24.157  -77.971   24.147  -77.952
   24.175  -77.885   24.231  -77.808   24.249  -77.798   24.256  -77.806
  12                 24.280   24.225  -77.922  -78.020   24.225  -77.936
   24.261  -77.922   24.280  -77.931   24.251  -78.020   24.225  -77.996
   24.225  -77.936
  68                 25.204   24.275  -77.716  -78.442   24.276  -78.011
   24.368  -77.871   24.420  -77.858   24.456  -77.738   24.507  -77.716
   24.733  -77.773   24.780  -77.828   24.857  -77.885   24.992  -77.945
   25.147  -77.982   25.181  -78.044   25.204  -78.212   25.174  -78.213
   25.033  -78.157   24.918  -78.178   24.860  -78.206   24.777  -78.290
   24.721  -78.307   24.669  -78.272   24.680  -78.259   24.718  -78.260
   24.605  -78.194   24.563  -78.228   24.594  -78.328   24.656  -78.287
   24.698  -78.299   24.712  -78.321   24.613  -78.442   24.521  -78.344
   24.458  -78.215   24.380  -78.089   24.357  -78.071   24.275  -78.045
   24.276  -78.011
  22                 25.078   24.986  -77.258  -77.562   24.986  -77.466
   25.009  -77.431   25.016  -77.341   25.039  -77.262   25.050  -77.258
   25.078  -77.330   25.078  -77.449   25.064  -77.506   25.028  -77.562
   24.991  -77.542   24.986  -77.466
  14                 24.370   24.307  -77.682  -77.805   24.307  -77.797
   24.336  -77.687   24.348  -77.682   24.370  -77.696   24.355  -77.761
   24.325  -77.805   24.307  -77.797
  12                 24.291   24.212  -76.464  -76.546   24.276  -76.546
   24.217  -76.504   24.212  -76.464   24.290  -76.531   24.291  -76.546
   24.276  -76.546
  10                 24.114   23.972  -76.322  -76.399   23.972  -76.322
   24.101  -76.376   24.114  -76.399   24.084  -76.399   23.972  -76.322
  18                 23.719   23.638  -74.777  -74.950   23.685  -74.950
   23.656  -74.937   23.666  -74.911   23.638  -74.820   23.664  -74.791
   23.695  -74.777   23.718  -74.797   23.719  -74.838   23.685  -74.950
  52                 23.668   22.858  -74.830  -75.308   23.647  -75.286
   23.668  -75.308   23.489  -75.258   23.346  -75.128   23.270  -75.109
   23.165  -75.108   23.112  -75.071   23.106  -75.085   23.123  -75.123
   23.139  -75.143   23.134  -75.126   23.146  -75.127   23.160  -75.157
   23.142  -75.169   23.088  -75.085   23.070  -74.973   23.006  -74.927
   22.858  -74.854   22.860  -74.830   23.005  -74.850   23.088  -74.925
   23.106  -74.967   23.105  -75.016   23.146  -75.068   23.330  -75.099
   23.647  -75.286
  12                 23.104   23.065  -73.664  -73.816   23.065  -73.778
   23.089  -73.664   23.104  -73.696   23.098  -73.814   23.087  -73.816
   23.065  -73.778
  14                 23.458   23.408  -75.522  -75.651   23.458  -75.638
   23.457  -75.651   23.448  -75.650   23.421  -75.623   23.408  -75.522
   23.438  -75.560   23.458  -75.638
  18                 23.675   23.494  -75.771  -76.033   23.627  -75.918
   23.675  -75.996   23.673  -76.030   23.646  -76.033   23.599  -75.992
   23.567  -75.910   23.494  -75.806   23.499  -75.771   23.627  -75.918
  16                 22.844   22.657  -74.017  -74.345   22.803  -74.344
   22.714  -74.273   22.671  -74.159   22.657  -74.089   22.716  -74.017
   22.844  -74.305   22.836  -74.345   22.803  -74.344
  36                 22.729   22.172  -73.836  -74.282   22.673  -73.985
   22.617  -74.036   22.589  -73.982   22.592  -73.912   22.562  -73.879
   22.513  -73.869   22.470  -73.911   22.397  -74.040   22.218  -74.277
   22.172  -74.282   22.220  -74.183   22.294  -74.104   22.345  -73.977
   22.469  -73.867   22.552  -73.836   22.729  -73.848   22.710  -73.925
   22.673  -73.985
   8                 22.620   22.602  -73.462  -73.548   22.616  -73.548
   22.602  -73.462   22.620  -73.498   22.616  -73.548
  12                 22.616   22.579  -73.592  -73.624   22.616  -73.598
   22.600  -73.621   22.579  -73.624   22.579  -73.609   22.606  -73.592
   22.616  -73.598
  24                 22.445   22.282  -72.737  -73.163   22.338  -73.061
   22.365  -72.989   22.359  -72.886   22.282  -72.788   22.326  -72.737
   22.352  -72.762   22.383  -72.829   22.433  -73.023   22.445  -73.082
   22.429  -73.141   22.361  -73.163   22.338  -73.061
  12                 22.663   22.537  -74.277  -74.387   22.545  -74.370
   22.647  -74.277   22.663  -74.279   22.577  -74.380   22.537  -74.387
   22.545  -74.370
 218                 15.031   10.268  -64.007  -72.008   15.031  -64.007
   11.330  -64.016   11.327  -64.019   11.261  -64.090   11.293  -64.196
   11.290  -64.254   11.247  -64.452   11.204  -64.517   11.139  -64.560
   10.976  -64.603   10.899  -64.588   10.834  -64.544   10.791  -64.479
   10.776  -64.435   10.709  -64.481   10.632  -64.497   10.551  -64.479
   10.516  -64.523   10.462  -64.559   10.446  -64.673   10.412  -64.743
   10.327  -64.853   10.283  -64.882   10.268  -65.059   10.420  -65.677
   10.424  -65.741   10.443  -65.774   10.504  -65.814   10.560  -65.883
   10.659  -65.894   10.724  -65.938   10.766  -65.999   10.832  -66.153
   10.845  -66.212   10.850  -66.280   10.825  -66.374   10.835  -66.475
   10.816  -67.007   10.751  -67.303   10.736  -67.572   10.681  -67.882
   10.699  -68.075   10.736  -68.097   10.804  -68.055   10.880  -68.040
   10.957  -68.055   11.264  -68.223   11.327  -68.274   11.430  -68.413
   11.467  -68.487   11.532  -68.564   11.637  -68.764   11.656  -68.924
   11.739  -69.272   11.700  -69.407   11.712  -69.504   11.707  -69.555
   11.885  -69.616   12.064  -69.634   12.190  -69.691   12.285  -69.760
   12.360  -69.855   12.403  -70.011   12.388  -70.088   12.362  -70.146
   12.255  -70.326   12.071  -70.440   11.970  -70.480   11.867  -70.491
   11.791  -70.476   11.714  -70.433   11.635  -70.433   11.558  -70.418
   11.523  -70.394   11.480  -70.520   11.445  -70.584   11.434  -70.755
   11.405  -70.892   11.350  -71.019   11.264  -71.161   11.189  -71.331
   11.186  -71.449   11.149  -71.570   11.336  -71.692   11.463  -71.752
   11.499  -71.601   11.530  -71.405   11.576  -71.296   11.618  -71.234
   11.678  -71.184   11.778  -71.137   11.865  -71.006   11.928  -70.953
   12.030  -70.913   12.116  -70.911   12.197  -70.935   12.400  -71.041
   12.449  -71.077   12.536  -71.196   12.638  -71.452   12.669  -71.659
   12.650  -71.764   12.588  -71.863   12.530  -71.903   12.479  -71.922
   12.457  -71.950   12.462  -72.008   15.030  -72.006   15.031  -64.007
  24                 12.623   12.414  -69.866  -70.064   12.612  -70.057
   12.581  -70.046   12.543  -70.064   12.530  -70.057   12.431  -69.928
   12.414  -69.866   12.486  -69.889   12.541  -69.946   12.561  -69.987
   12.622  -70.046   12.623  -70.058   12.612  -70.057
  48                 12.394   12.033  -68.735  -69.159   12.375  -69.159
   12.306  -69.148   12.293  -69.157   12.249  -69.109   12.193  -69.078
   12.186  -69.058   12.199  -69.044   12.195  -69.030   12.135  -68.995
   12.071  -68.875   12.076  -68.866   12.043  -68.823   12.033  -68.790
   12.044  -68.774   12.039  -68.749   12.043  -68.735   12.165  -68.836
   12.195  -68.970   12.239  -69.025   12.277  -69.047   12.322  -69.051
   12.355  -69.074   12.394  -69.151   12.375  -69.159
  46                 12.313   12.023  -68.195  -68.416   12.239  -68.414
   12.223  -68.408   12.217  -68.345   12.195  -68.302   12.143  -68.277
   12.114  -68.296   12.056  -68.282   12.023  -68.250   12.030  -68.232
   12.061  -68.224   12.100  -68.241   12.112  -68.227   12.101  -68.223
   12.105  -68.212   12.126  -68.195   12.182  -68.208   12.222  -68.196
   12.236  -68.278   12.282  -68.347   12.305  -68.361   12.313  -68.387
   12.286  -68.416   12.239  -68.414
  10                 12.169   12.145  -68.292  -68.330   12.145  -68.302
   12.156  -68.292   12.169  -68.301   12.154  -68.330   12.145  -68.302
   8                 12.001   11.999  -69.000  -69.001   11.999  -69.000
   12.001  -69.000   12.000  -69.001   11.999  -69.000
   8                 11.999   11.977  -68.639  -68.649   11.999  -68.649
   11.977  -68.642   11.996  -68.639   11.999  -68.649
   8                 12.044   12.042  -68.740  -68.749   12.044  -68.744
   12.043  -68.740   12.042  -68.749   12.044  -68.744
   8                 12.058   12.053  -68.835  -68.839   12.058  -68.839
   12.057  -68.836   12.053  -68.835   12.058  -68.839
   8                 12.083   12.076  -68.853  -68.862   12.079  -68.860
   12.083  -68.862   12.076  -68.853   12.079  -68.860
   8                 12.084   12.075  -68.844  -68.853   12.084  -68.846
   12.075  -68.844   12.077  -68.853   12.084  -68.846
   8                 12.123   12.116  -68.916  -68.941   12.123  -68.941
   12.116  -68.916   12.118  -68.939   12.123  -68.941
   8                 12.125   12.125  -68.914  -68.915   12.125  -68.915
   12.125  -68.914   12.125  -68.914   12.125  -68.915
   8                 12.126   12.114  -68.809  -68.828   12.126  -68.819
   12.114  -68.809   12.118  -68.828   12.126  -68.819
   8                 12.126   12.124  -68.945  -68.947   12.124  -68.946
   12.126  -68.947   12.125  -68.945   12.124  -68.946
   8                 12.133   12.124  -68.912  -68.921   12.133  -68.912
   12.124  -68.920   12.131  -68.921   12.133  -68.912
   8                 12.276   12.273  -69.125  -69.126   12.276  -69.126
   12.273  -69.125   12.276  -69.126   12.276  -69.126
   8                 12.277   12.276  -69.127  -69.127   12.276  -69.127
   12.277  -69.127   12.277  -69.127   12.276  -69.127
   8                 12.278   12.276  -69.122  -69.123   12.276  -69.123
   12.278  -69.122   12.277  -69.122   12.276  -69.123
  18                 22.011   18.998  -54.980  -65.010   22.003  -64.999
   22.011  -55.007   19.000  -54.980   18.999  -59.995   18.998  -64.000
   19.500  -64.000   19.500  -65.010   19.500  -65.010   22.003  -64.999
  10                 27.019   21.992  -70.006  -76.995   27.011  -70.009
   21.995  -70.006   21.992  -72.030   27.019  -76.995   27.011  -70.009
  10                 31.005   27.005  -64.996  -70.009   27.011  -70.009
   31.005  -70.009   30.984  -64.996   27.005  -64.997   27.011  -70.009
  50                 31.008   27.019  -76.995  -80.431   31.008  -76.996
   27.019  -76.995   27.020  -79.056   27.318  -79.138   27.848  -79.364
   28.056  -79.432   28.294  -79.545   28.530  -79.533   28.655  -79.545
   28.924  -79.636   29.147  -79.750   29.338  -79.895   29.649  -80.097
   30.017  -80.271   30.095  -80.298   30.159  -80.308   30.481  -80.403
   30.569  -80.411   30.636  -80.431   30.710  -80.428   30.857  -80.355
   30.996  -80.305   30.995  -77.247   31.008  -77.242   31.008  -76.996
  36                 41.003   36.483  -64.995  -72.898   39.732  -64.995
   37.783  -67.022   37.104  -68.718   36.931  -69.997   36.483  -70.226
   37.704  -72.898   39.287  -71.890   39.596  -71.500   39.696  -71.000
   39.696  -69.300   39.802  -68.895   40.001  -68.506   40.198  -67.406
   40.398  -67.016   40.496  -66.602   40.800  -66.401   41.003  -66.061
   39.732  -64.995
  72                 48.518   45.336 -125.484 -131.113   45.336 -130.010
   45.493 -130.018   45.726 -130.088   45.885 -130.151   46.126 -130.181
   46.182 -130.208   46.576 -130.497   46.697 -130.550   46.822 -130.639
   46.948 -130.693   47.207 -130.830   47.803 -131.012   48.518 -131.113
   48.510 -126.331   48.466 -126.349   48.313 -126.320   48.237 -126.351
   47.862 -126.292   47.755 -126.259   47.590 -126.170   47.455 -126.065
   47.369 -125.982   47.242 -125.901   47.092 -125.842   46.926 -125.729
   46.812 -125.717   46.728 -125.695   46.539 -125.605   46.457 -125.594
   46.296 -125.613   46.170 -125.605   46.020 -125.562   45.926 -125.516
   45.622 -125.484   45.350 -125.516   45.336 -130.010
  84                 45.350   41.768 -125.504 -130.342   41.768 -130.061
   42.140 -130.199   42.504 -130.284   42.691 -130.305   42.790 -130.332
   42.847 -130.323   43.032 -130.342   43.534 -130.275   43.757 -130.204
   43.947 -130.179   44.406 -130.033   44.530 -130.039   44.629 -130.025
   44.745 -130.040   44.852 -130.031   45.032 -130.048   45.336 -130.010
   45.350 -125.516   45.217 -125.504   45.075 -125.520   44.880 -125.565
   44.482 -125.573   44.362 -125.594   44.025 -125.616   43.910 -125.635
   43.846 -125.652   43.707 -125.756   43.604 -125.809   43.468 -125.855
   43.297 -125.874   43.273 -125.896   43.076 -125.997   42.970 -126.032
   42.846 -126.052   42.731 -126.050   42.601 -126.025   42.398 -125.936
   42.252 -125.905   42.088 -125.831   41.963 -125.791   41.778 -125.798
   41.768 -130.061
  84                 41.778   38.493 -125.010 -130.061   38.947 -125.106
   38.493 -129.250   38.952 -129.535   39.296 -129.662   39.351 -129.698
   39.451 -129.720   39.735 -129.819   40.043 -129.890   40.225 -129.918
   40.654 -129.960   40.801 -129.938   40.847 -129.945   40.945 -129.914
   41.164 -129.879   41.226 -129.881   41.630 -130.043   41.768 -130.061
   41.778 -125.798   41.676 -125.680   41.463 -125.588   41.291 -125.551
   41.269 -125.566   41.239 -125.557   40.769 -125.673   40.636 -125.695
   40.459 -125.703   40.220 -125.658   40.167 -125.661   40.077 -125.617
   39.950 -125.598   39.871 -125.532   39.789 -125.508   39.729 -125.429
   39.614 -125.353   39.528 -125.226   39.486 -125.189   39.439 -125.106
   39.395 -125.108   39.259 -125.082   39.191 -125.096   38.949 -125.010
   38.947 -125.106
 190                 38.949   33.562 -121.788 -129.250   34.909 -122.059
   34.898 -122.030   34.852 -121.992   34.770 -121.963   34.721 -121.907
   34.649 -121.862   34.604 -121.864   34.536 -121.838   34.461 -121.854
   34.405 -121.825   34.308 -121.816   34.280 -121.796   34.270 -121.788
   34.245 -121.852   34.217 -121.949   33.562 -125.602   33.618 -125.680
   33.748 -125.826   34.107 -126.163   34.196 -126.223   34.320 -126.333
   34.647 -126.561   35.121 -126.835   35.211 -126.915   35.485 -127.089
   35.969 -127.541   36.406 -127.855   36.534 -127.997   36.601 -128.048
   36.862 -128.305   37.198 -128.539   37.642 -128.819   37.763 -128.860
   37.856 -128.913   37.986 -128.940   38.214 -129.021   38.267 -129.056
   38.409 -129.196   38.493 -129.250   38.947 -125.106   38.949 -125.010
   38.934 -125.002   38.870 -125.017   38.804 -124.982   38.675 -124.969
   38.629 -124.954   38.473 -124.844   38.407 -124.824   38.371 -124.777
   38.286 -124.713   38.173 -124.591   38.109 -124.497   38.003 -124.372
   37.926 -124.319   37.885 -124.254   37.706 -124.230   37.362 -123.995
   37.289 -123.884   37.234 -123.836   37.206 -123.756   37.150 -123.672
   37.111 -123.659   37.087 -123.632   37.041 -123.641   37.006 -123.623
   36.957 -123.624   36.838 -123.565   36.796 -123.518   36.733 -123.501
   36.678 -123.451   36.641 -123.440   36.602 -123.389   36.555 -123.358
   36.532 -123.321   36.488 -123.288   36.389 -123.167   36.299 -123.156
   36.265 -123.133   36.179 -123.109   36.149 -123.113   36.103 -123.087
   36.030 -123.079   35.684 -122.855   35.577 -122.728   35.536 -122.696
   35.480 -122.586   35.412 -122.543   35.336 -122.462   35.260 -122.416
   35.200 -122.344   35.162 -122.333   35.132 -122.298   35.045 -122.239
   34.948 -122.097   34.909 -122.059
 162                 34.280   29.000 -116.509 -125.691   33.531 -120.902
   33.451 -120.617   33.458 -120.485   33.443 -120.413   33.463 -120.341
   33.452 -120.180   33.431 -120.140   33.430 -120.097   33.387 -119.969
   33.304 -119.867   33.269 -119.781   33.219 -119.704   33.216 -119.674
   33.188 -119.629   33.183 -119.565   33.157 -119.508   33.154 -119.471
   33.119 -119.401   32.998 -118.638   32.819 -118.527   32.630 -118.259
   32.431 -118.215   32.440 -118.117   32.081 -118.045   31.786 -117.879
   31.672 -117.789   31.622 -117.772   31.456 -117.661   31.181 -117.601
   30.861 -117.389   30.759 -117.282   30.599 -117.250   30.275 -117.033
   30.254 -117.001   30.068 -116.960   29.000 -116.509   29.000 -118.232
   29.075 -118.250   29.194 -118.306   29.181 -118.379   29.151 -118.404
   29.094 -118.401   29.051 -118.348   29.000 -118.324   29.000 -120.473
   30.238 -121.225   30.516 -121.444   30.562 -121.531   30.624 -121.864
   30.812 -122.516   30.846 -122.575   30.950 -122.870   31.349 -123.577
   31.738 -124.132   31.807 -124.248   31.884 -124.312   32.051 -124.522
   32.300 -124.765   32.472 -124.876   32.619 -125.000   32.909 -125.192
   33.231 -125.366   33.483 -125.520   33.546 -125.691   33.562 -125.602
   34.217 -121.949   34.245 -121.852   34.280 -121.796   34.270 -121.788
   34.059 -121.658   34.002 -121.640   33.945 -121.588   33.911 -121.538
   33.864 -121.502   33.834 -121.429   33.765 -121.349   33.683 -121.210
   33.576 -121.062   33.556 -120.990   33.536 -120.960   33.531 -120.902
  14                 26.006   22.012  -87.005  -94.000   22.014  -87.005
   22.012  -94.000   26.006  -93.992   26.006  -87.005   24.990  -87.005
   24.986  -87.005   22.014  -87.005
  88                 29.389   24.986  -82.319  -87.005   28.584  -85.044
   28.609  -84.789   28.688  -84.514   28.722  -84.457   28.761  -84.424
   28.824  -84.282   28.897  -84.170   28.891  -84.164   28.941  -84.123
   28.805  -84.010   28.501  -83.796   28.347  -83.772   28.198  -83.790
   28.097  -83.775   27.841  -83.772   27.615  -83.718   27.335  -83.635
   27.085  -83.522   26.848  -83.362   26.711  -83.296   26.497  -83.171
   25.933  -82.906   25.621  -82.689   25.407  -82.593   25.263  -82.497
   25.112  -82.359   25.024  -82.319   24.986  -87.005   24.990  -87.005
   26.006  -87.005   29.333  -87.005   29.389  -86.678   29.378  -86.540
   29.360  -86.483   29.329  -86.440   29.185  -86.358   29.031  -86.228
   28.933  -86.113   28.834  -85.956   28.767  -85.800   28.717  -85.620
   28.634  -85.407   28.595  -85.220   28.584  -85.044
  92                 29.333   26.006  -87.005  -93.992   29.333  -87.005
   26.006  -87.005   26.006  -93.992   28.554  -93.974   28.652  -93.850
   28.671  -93.799   28.694  -93.608   28.757  -93.376   28.756  -93.316
   28.746  -93.270   28.662  -93.083   28.621  -92.950   28.534  -92.418
   28.442  -92.169   28.404  -91.906   28.331  -91.747   28.240  -91.621
   28.170  -91.493   28.113  -91.351   28.067  -91.180   28.042  -91.013
   28.033  -90.801   28.051  -90.559   28.046  -90.316   28.084  -90.042
   27.994  -89.850   27.942  -89.662   27.919  -89.467   27.926  -89.270
   28.000  -88.860   28.050  -88.698   28.157  -88.483   28.303  -88.299
   28.406  -88.207   28.518  -88.131   28.639  -88.073   28.820  -88.005
   28.925  -87.972   29.055  -87.950   29.154  -87.943   29.205  -87.968
   29.233  -87.829   29.253  -87.598   29.321  -87.252   29.320  -87.122
   29.333  -87.005
  38                 28.554   26.002  -93.974  -96.222   26.006  -93.992
   26.002  -95.992   26.137  -95.991   26.268  -96.011   26.672  -96.112
   27.029  -96.222   27.088  -96.204   27.211  -96.133   27.357  -96.020
   27.402  -95.960   27.519  -95.721   27.663  -95.535   27.793  -95.230
   27.994  -94.846   28.078  -94.719   28.181  -94.603   28.268  -94.429
   28.554  -93.974   26.006  -93.992
 222                 22.014   18.245  -87.005  -94.015   22.014  -87.005
   21.580  -87.005   21.606  -87.079   21.604  -87.148   21.561  -87.272
   21.568  -87.329   21.561  -87.370   21.529  -87.411   21.509  -87.406
   21.530  -87.248   21.567  -87.161   21.557  -87.134   21.512  -87.134
   21.484  -87.146   21.452  -87.201   21.441  -87.249   21.476  -87.476
   21.512  -87.605   21.504  -87.748   21.517  -87.807   21.543  -87.851
   21.528  -87.715   21.603  -87.994   21.608  -88.148   21.569  -88.241
   21.597  -88.144   21.587  -88.090   21.554  -88.268   21.568  -88.352
   21.569  -88.451   21.536  -88.595   21.448  -88.708   21.414  -88.843
   21.362  -89.103   21.296  -89.704   21.277  -89.806   21.160  -90.106
   21.063  -90.280   21.005  -90.351   20.788  -90.431   20.840  -90.385
   20.968  -90.340   20.896  -90.353   20.815  -90.386   20.732  -90.456
   20.549  -90.485   20.081  -90.500   19.976  -90.455   19.877  -90.528
   19.838  -90.601   19.768  -90.677   19.670  -90.712   19.641  -90.701
   19.479  -90.713   19.362  -90.732   19.320  -90.754   19.182  -90.913
   19.029  -91.135   18.956  -91.305   18.907  -91.385   18.852  -91.429
   18.854  -91.398   18.894  -91.330   18.824  -91.387   18.771  -91.372
   18.766  -91.341   18.783  -91.316   18.768  -91.290   18.650  -91.186
   18.541  -91.438   18.489  -91.489   18.448  -91.475   18.436  -91.496
   18.449  -91.680   18.446  -91.774   18.380  -91.803   18.424  -91.856
   18.493  -91.825   18.551  -91.898   18.587  -91.965   18.549  -91.958
   18.534  -91.994   18.560  -92.042   18.593  -92.036   18.591  -91.904
   18.616  -91.859   18.717  -91.956   18.726  -92.004   18.695  -92.153
   18.681  -92.405   18.624  -92.589   18.518  -92.680   18.560  -92.741
   18.461  -92.885   18.404  -93.088   18.379  -93.090   18.340  -93.130
   18.370  -93.171   18.439  -93.182   18.441  -93.450   18.421  -93.587
   18.348  -93.781   18.306  -93.846   18.308  -93.808   18.403  -93.613
   18.409  -93.572   18.356  -93.577   18.263  -93.793   18.245  -94.015
   22.012  -94.000   22.014  -87.005
  18                 18.789   18.642  -91.522  -91.842   18.754  -91.646
   18.665  -91.833   18.642  -91.842   18.644  -91.801   18.751  -91.523
   18.763  -91.522   18.789  -91.539   18.788  -91.553   18.754  -91.646
  46                 26.006   22.012  -93.992  -97.890   26.006  -93.992
   22.012  -94.000   22.018  -97.715   22.404  -97.818   22.657  -97.827
   22.667  -97.842   22.581  -97.866   22.607  -97.890   22.902  -97.767
   22.917  -97.745   23.155  -97.757   23.767  -97.726   23.729  -97.757
   23.784  -97.818   23.782  -97.736   23.814  -97.725   24.428  -97.651
   25.037  -97.516   25.651  -97.197   25.965  -97.137   25.959  -95.996
   26.002  -95.992   26.006  -93.992
 112                 25.024   21.981  -80.488  -87.005   25.024  -82.319
   24.908  -82.266   24.930  -82.491   24.613  -82.476   24.626  -82.444
   23.982  -83.270   23.828  -83.237   23.747  -83.201   23.662  -83.104
   23.611  -82.908   23.581  -82.636   23.565  -82.382   23.521  -82.061
   23.523  -81.847   23.574  -81.474   23.690  -80.972   23.718  -80.801
   23.759  -80.666   23.840  -80.488   23.239  -80.488   23.283  -80.557
   23.298  -80.633   23.264  -81.060   23.303  -81.086   23.346  -81.150
   23.362  -81.227   23.305  -81.442   23.337  -81.497   23.356  -81.575
   23.359  -81.907   23.382  -81.956   23.394  -82.028   23.386  -82.250
   23.362  -82.375   23.327  -82.484   23.244  -82.634   23.228  -82.739
   23.229  -82.904   23.213  -82.982   23.217  -83.075   23.195  -83.269
   23.084  -83.521   22.846  -84.146   22.815  -84.198   22.604  -84.437
   22.481  -84.543   22.391  -84.592   22.205  -84.640   22.104  -84.869
   22.115  -84.924   22.099  -85.001   22.046  -85.079   21.981  -85.123
   22.014  -87.005   24.986  -87.005   25.024  -82.319
   8                 25.575   25.572  -81.229  -81.234   25.575  -81.229
   25.572  -81.234   25.574  -81.232   25.575  -81.229
   8                 25.807   25.804  -81.298  -81.304   25.804  -81.298
   25.804  -81.304   25.807  -81.300   25.804  -81.298
   8                 25.811   25.804  -81.307  -81.321   25.811  -81.307
   25.804  -81.307   25.804  -81.321   25.811  -81.307
   8                 25.843   25.838  -81.526  -81.531   25.838  -81.529
   25.838  -81.531   25.843  -81.526   25.838  -81.529
   8                 25.862   25.860  -81.387  -81.387   25.860  -81.387
   25.860  -81.387   25.862  -81.387   25.860  -81.387
   8                 25.869   25.864  -81.501  -81.518   25.869  -81.510
   25.868  -81.501   25.864  -81.518   25.869  -81.510
   8                 25.871   25.862  -81.465  -81.479   25.868  -81.474
   25.871  -81.479   25.862  -81.465   25.868  -81.474
  34                 25.902   25.845  -81.671  -81.718   25.894  -81.711
   25.879  -81.681   25.871  -81.699   25.875  -81.679   25.863  -81.676
   25.860  -81.680   25.865  -81.685   25.856  -81.685   25.856  -81.690
   25.851  -81.685   25.863  -81.675   25.876  -81.678   25.872  -81.671
   25.845  -81.679   25.852  -81.689   25.902  -81.718   25.894  -81.711
   8                 25.915   25.911  -81.709  -81.716   25.911  -81.709
   25.914  -81.716   25.915  -81.715   25.911  -81.709
   8                 25.917   25.914  -81.667  -81.670   25.914  -81.667
   25.917  -81.670   25.917  -81.668   25.914  -81.667
   8                 25.926   25.912  -81.599  -81.618   25.926  -81.611
   25.917  -81.599   25.912  -81.618   25.926  -81.611
   8                 25.973   25.970  -81.662  -81.666   25.973  -81.666
   25.971  -81.662   25.970  -81.664   25.973  -81.666
 100                 25.974   25.903  -81.644  -81.751   25.963  -81.728
   25.962  -81.710   25.935  -81.703   25.954  -81.708   25.943  -81.690
   25.936  -81.699   25.942  -81.688   25.934  -81.673   25.953  -81.690
   25.940  -81.672   25.951  -81.681   25.943  -81.656   25.921  -81.644
   25.919  -81.654   25.912  -81.663   25.926  -81.663   25.925  -81.674
   25.910  -81.673   25.910  -81.660   25.916  -81.657   25.917  -81.654
   25.911  -81.653   25.910  -81.649   25.904  -81.650   25.903  -81.692
   25.912  -81.675   25.921  -81.682   25.928  -81.676   25.936  -81.686
   25.927  -81.698   25.910  -81.692   25.908  -81.704   25.933  -81.700
   25.918  -81.713   25.937  -81.716   25.937  -81.722   25.926  -81.716
   25.925  -81.721   25.937  -81.727   25.925  -81.724   25.923  -81.715
   25.915  -81.724   25.908  -81.717   25.908  -81.729   25.959  -81.751
   25.973  -81.734   25.955  -81.741   25.952  -81.732   25.974  -81.732
   25.963  -81.728
   8                 25.979   25.972  -81.713  -81.723   25.979  -81.723
   25.976  -81.713   25.972  -81.715   25.979  -81.723
   8                 25.988   25.975  -81.745  -81.749   25.975  -81.746
   25.988  -81.749   25.983  -81.745   25.975  -81.746
   8                 25.988   25.978  -81.742  -81.745   25.988  -81.742
   25.978  -81.742   25.988  -81.745   25.988  -81.742
   8                 25.991   25.982  -81.733  -81.740   25.982  -81.736
   25.989  -81.740   25.991  -81.733   25.982  -81.736
   8                 25.993   25.993  -81.720  -81.720   25.993  -81.720
   25.993  -81.720   25.993  -81.720   25.993  -81.720
 120                 22.017   18.149  -94.000  -97.742   22.012  -94.000
   18.245  -94.015   18.174  -94.268   18.149  -94.418   18.153  -94.512
   18.181  -94.570   18.392  -94.734   18.508  -94.782   18.524  -94.808
   18.535  -94.935   18.565  -95.026   18.605  -95.045   18.702  -95.182
   18.711  -95.216   18.704  -95.426   18.740  -95.656   18.795  -95.732
   18.750  -95.733   18.713  -95.621   18.677  -95.569   18.663  -95.590
   18.694  -95.623   18.723  -95.862   18.754  -95.876   18.761  -95.822
   18.838  -95.945   18.865  -95.932   18.779  -95.777   18.880  -95.908
   19.062  -95.975   19.063  -96.041   19.096  -96.079   19.173  -96.103
   19.229  -96.140   19.315  -96.277   19.855  -96.444   20.226  -96.744
   20.569  -97.086   20.684  -97.175   20.732  -97.192   20.750  -97.182
   20.794  -97.193   20.962  -97.293   21.426  -97.501   21.483  -97.487
   21.478  -97.556   21.530  -97.594   22.012  -97.742   21.792  -97.622
   21.544  -97.373   21.499  -97.368   21.471  -97.389   21.468  -97.419
   21.434  -97.477   21.272  -97.413   21.530  -97.319   21.583  -97.325
   21.813  -97.588   22.017  -97.715   22.012  -94.000
  40                 74.367   71.001 -141.003 -151.998   73.399 -141.007
   71.001 -141.003   71.300 -142.000   71.500 -146.000   71.700 -147.999
   71.800 -149.999   72.000 -151.998   72.806 -151.816   74.367 -151.469
   74.263 -150.822   74.131 -150.136   73.990 -148.690   73.903 -147.989
   73.812 -147.379   73.778 -146.308   73.707 -145.201   73.602 -144.134
   73.474 -143.198   73.456 -142.141   73.399 -141.007
  54                 74.709   71.884 -151.469 -165.144   72.806 -151.816
   72.000 -151.998   72.600 -156.000   72.500 -158.000   72.000 -160.000
   71.884 -160.772   72.353 -161.929   73.665 -165.144   73.768 -164.534
   73.853 -163.944   74.000 -163.390   74.129 -162.822   74.263 -162.128
   74.367 -161.485   74.470 -160.713   74.545 -160.010   74.615 -159.180
   74.660 -158.436   74.695 -157.570   74.709 -156.694   74.702 -155.708
   74.675 -154.838   74.629 -153.981   74.564 -153.145   74.481 -152.336
   74.367 -151.469   72.806 -151.816
  30                 73.665   69.512 -160.772 -168.976   72.353 -161.929
   71.884 -160.772   71.700 -162.000   71.300 -164.000   70.400 -166.000
   70.000 -168.000   69.512 -168.976   72.783 -168.973   72.909 -168.532
   73.040 -168.005   73.160 -167.443   73.274 -166.819   73.474 -166.056
   73.665 -165.144   72.353 -161.929
  24                 58.706   55.001 -136.107 -144.021   56.371 -137.622
   55.999 -136.998   55.001 -136.107   55.016 -144.021   57.053 -144.021
   58.706 -144.021   58.705 -143.999   58.704 -143.993   58.595 -141.983
   58.000 -140.000   56.595 -137.993   56.371 -137.622
  48                 59.000   53.201  180.000  171.500   56.045  180.000
   53.201  180.000   53.287  178.473   53.383  177.872   53.398  177.715
   53.398  177.623   53.338  177.623   53.397  177.620   53.400  177.558
   53.616  176.263   53.646  176.022   53.797  175.187   53.991  174.435
   54.030  174.152   54.200  173.655   54.259  173.357   54.292  172.888
   54.292  172.681   54.265  172.333   54.196  172.042   54.300  171.500
   59.000  177.400   59.000  180.000   56.045  180.000
   8                 58.706   58.704 -143.993 -144.021   58.706 -144.021
   58.705 -143.999   58.704 -143.993   58.706 -144.021
  14                 58.797   57.053 -144.021 -150.597   58.706 -144.021
   57.053 -144.021   57.055 -150.597   57.493 -150.003   58.509 -148.986
   58.797 -146.037   58.706 -144.021
  20                 57.055   54.999 -144.021 -154.127   57.055 -150.597
   57.053 -144.021   55.016 -144.021   54.999 -152.695   55.005 -154.127
   55.359 -153.117   55.415 -153.011   55.400 -152.999   55.979 -152.036
   57.055 -150.597
  18                 56.045   53.100 -170.999 -180.000   53.201 -180.000
   56.045 -180.000   56.045 -170.999   53.950 -170.999   53.700 -172.000
   53.600 -174.000   53.300 -176.000   53.100 -178.000   53.201 -180.000
  24                 59.000   53.950 -162.000 -170.999   58.000 -164.000
   57.000 -162.000   56.300 -164.000   55.800 -166.000   54.200 -170.000
   53.950 -170.999   56.045 -170.999   59.000 -170.999   59.000 -169.000
   58.900 -168.000   58.600 -166.000   58.000 -164.000
  48                 57.575   56.206 -169.138 -170.745   56.282 -169.858
   56.222 -169.719   56.206 -169.586   56.228 -169.465   56.283 -169.345
   56.349 -169.251   56.471 -169.163   56.604 -169.138   56.731 -169.163
   56.839 -169.235   57.277 -169.678   57.448 -169.880   57.533 -170.010
   57.575 -170.150   57.568 -170.339   57.530 -170.493   57.471 -170.600
   57.421 -170.656   57.289 -170.732   57.051 -170.745   56.910 -170.709
   56.760 -170.573   56.324 -169.942   56.282 -169.858
  10                 59.000   56.045 -170.999 -180.000   56.045 -170.999
   56.045 -180.000   59.000 -180.000   59.000 -170.999   56.045 -170.999
 256                 26.235   14.917 -150.812 -164.247   26.235 -159.400
   26.210 -158.951   26.179 -158.817   26.157 -158.627   26.103 -158.383
   25.911 -157.823   25.807 -157.616   25.793 -157.565   25.746 -157.499
   25.655 -157.317   25.594 -157.014   25.473 -156.616   25.406 -156.439
   25.241 -156.089   25.057 -155.789   24.960 -155.452   24.869 -155.213
   24.493 -154.420   24.274 -154.035   24.020 -153.642   23.834 -153.407
   23.504 -153.064   23.304 -152.892   23.141 -152.773   22.958 -152.546
   22.744 -152.314   22.525 -152.109   22.289 -151.915   22.242 -151.888
   21.952 -151.634   21.857 -151.567   21.658 -151.457   21.479 -151.324
   21.348 -151.254   21.052 -151.116   20.833 -151.035   20.529 -150.941
   20.211 -150.872   19.799 -150.836   19.727 -150.820   19.547 -150.812
   19.113 -150.837   18.900 -150.860   18.807 -150.886   18.640 -150.910
   18.300 -151.003   17.952 -151.130   17.648 -151.272   17.360 -151.435
   17.122 -151.614   17.022 -151.672   16.866 -151.800   16.637 -152.012
   16.361 -152.318   16.046 -152.733   15.877 -153.005   15.767 -153.213
   15.560 -153.503   15.441 -153.721   15.386 -153.802   15.222 -154.146
   15.156 -154.318   15.037 -154.711   15.015 -154.891   14.952 -155.153
   14.917 -155.682   14.932 -156.024   14.956 -156.122   14.980 -156.382
   15.047 -156.614   15.071 -156.785   15.221 -157.214   15.415 -157.607
   15.481 -157.694   15.544 -157.824   15.693 -158.068   15.972 -158.448
   16.212 -158.710   16.535 -158.992   16.922 -159.274   17.227 -159.446
   17.601 -159.621   17.797 -160.020   17.782 -160.206   17.819 -160.681
   17.860 -160.965   17.918 -161.233   18.023 -161.571   18.091 -161.748
   18.297 -162.169   18.365 -162.260   18.459 -162.436   18.518 -162.522
   18.680 -162.735   18.966 -163.063   19.139 -163.220   19.424 -163.451
   19.778 -163.690   20.029 -163.824   20.285 -163.943   20.786 -164.109
   21.013 -164.162   21.181 -164.181   21.403 -164.226   21.532 -164.236
   21.841 -164.247   22.180 -164.232   22.619 -164.171   22.738 -164.135
   22.825 -164.124   23.274 -163.981   23.707 -163.789   24.144 -163.530
   24.367 -163.365   24.597 -163.169   24.761 -163.004   24.856 -162.930
   25.342 -162.340   25.618 -161.844   25.722 -161.633   25.734 -161.575
   25.764 -161.529   25.827 -161.305   25.920 -161.114   26.083 -160.635
   26.167 -160.253   26.207 -159.959   26.235 -159.400
 242                 22.902   18.250 -154.146 -160.914   22.902 -159.443
   22.892 -159.645   22.868 -159.764   22.811 -159.904   22.695 -160.113
   22.653 -160.339   22.632 -160.383   22.582 -160.476   22.501 -160.576
   22.266 -160.778   22.102 -160.863   21.994 -160.898   21.899 -160.913
   21.764 -160.914   21.647 -160.892   21.546 -160.860   21.465 -160.818
   21.316 -160.700   21.283 -160.657   21.228 -160.583   21.158 -160.443
   21.133 -160.358   21.113 -160.206   21.143 -160.013   21.164 -159.950
   21.259 -159.799   21.209 -159.497   21.211 -159.374   21.234 -159.253
   21.324 -159.064   21.423 -158.932   21.286 -158.883   21.099 -158.777
   20.928 -158.665   20.775 -158.521   20.694 -158.384   20.656 -158.274
   20.636 -158.180   20.636 -158.049   20.603 -157.938   20.597 -157.746
   20.495 -157.599   20.345 -157.509   20.231 -157.402   20.137 -157.249
   20.061 -157.182   19.966 -157.069   19.902 -156.954   19.875 -156.878
   19.842 -156.726   19.692 -156.724   19.530 -156.700   19.299 -156.586
   19.260 -156.577   19.058 -156.586   18.855 -156.532   18.735 -156.477
   18.554 -156.348   18.306 -155.952   18.274 -155.860   18.250 -155.730
   18.256 -155.590   18.303 -155.413   18.371 -155.290   18.487 -155.144
   18.616 -155.045   18.654 -154.899   18.762 -154.676   18.972 -154.387
   19.051 -154.319   19.054 -154.327   19.053 -154.315   19.148 -154.246
   19.258 -154.200   19.449 -154.146   19.631 -154.153   19.731 -154.174
   19.862 -154.237   20.033 -154.374   20.071 -154.430   20.237 -154.542
   20.363 -154.645   20.486 -154.782   20.625 -154.997   20.731 -155.234
   20.751 -155.307   20.976 -155.352   21.074 -155.390   21.216 -155.489
   21.325 -155.600   21.389 -155.700   21.425 -155.784   21.544 -155.965
   21.589 -156.092   21.612 -156.228   21.663 -156.274   21.737 -156.374
   21.799 -156.504   21.877 -156.879   21.876 -157.084   21.888 -157.201
   21.956 -157.262   22.014 -157.343   22.151 -157.458   22.305 -157.659
   22.351 -157.773   22.380 -157.959   22.380 -158.041   22.357 -158.159
   22.326 -158.254   22.229 -158.425   22.204 -158.511   22.147 -158.630
   22.294 -158.646   22.413 -158.686   22.555 -158.765   22.692 -158.881
   22.813 -159.052   22.866 -159.183   22.900 -159.329   22.902 -159.443
  22                 42.314   39.802  -66.061  -69.490   41.568  -66.574
   41.003  -66.061   40.800  -66.401   40.496  -66.602   40.398  -67.016
   40.198  -67.406   40.001  -68.506   39.802  -68.895   41.247  -69.490
   42.314  -67.192   41.568  -66.574
  54                 41.247   39.287  -68.895  -73.609   39.963  -73.112
   40.252  -73.609   40.253  -73.495   40.286  -73.305   40.295  -73.163
   40.348  -72.915   40.443  -72.624   40.576  -72.143   40.637  -72.004
   40.772  -71.619   40.847  -71.225   40.925  -70.892   40.919  -70.782
   40.951  -70.367   40.910  -70.189   40.904  -69.996   40.921  -69.862
   40.967  -69.721   41.042  -69.601   41.133  -69.526   41.247  -69.490
   39.802  -68.895   39.696  -69.300   39.696  -71.000   39.596  -71.500
   39.287  -71.890   39.963  -73.112
  66                 36.215   31.997  -70.920  -77.559   36.215  -75.387
   35.926  -74.858   35.935  -74.861   33.659  -70.920   32.891  -71.336
   31.997  -72.378   33.957  -77.559   34.025  -77.513   34.131  -77.385
   34.304  -77.064   34.327  -76.990   34.356  -76.837   34.273  -76.663
   34.249  -76.557   34.254  -76.470   34.282  -76.387   34.362  -76.284
   34.470  -76.220   34.554  -76.146   34.736  -75.922   34.852  -75.708
   34.889  -75.592   34.885  -75.514   34.902  -75.428   34.930  -75.366
   34.984  -75.296   35.071  -75.232   35.169  -75.197   35.358  -75.155
   35.614  -75.128   35.765  -75.157   35.866  -75.192   36.215  -75.387
  40                 40.252   37.704  -71.890  -74.728   40.252  -73.642
   40.252  -73.609   39.963  -73.112   39.287  -71.890   37.704  -72.898
   38.332  -74.273   38.537  -74.715   38.644  -74.728   38.746  -74.571
   38.848  -74.480   38.994  -74.388   39.084  -74.220   39.160  -74.139
   39.179  -74.104   39.505  -73.856   39.696  -73.766   39.907  -73.732
   40.020  -73.697   40.067  -73.697   40.252  -73.642
  74                 44.173   41.247  -67.192  -70.131   44.173  -67.284
   42.805  -67.765   42.314  -67.192   41.247  -69.490   41.335  -69.496
   41.427  -69.537   41.500  -69.522   41.582  -69.478   41.663  -69.456
   41.772  -69.456   41.902  -69.477   42.037  -69.525   42.115  -69.569
   42.189  -69.624   42.246  -69.711   42.289  -69.749   42.674  -70.031
   42.701  -70.028   42.855  -70.097   42.885  -70.131   43.003  -70.038
   43.070  -70.005   43.296  -69.730   43.328  -69.579   43.403  -69.417
   43.467  -69.216   43.517  -69.108   43.569  -68.929   43.634  -68.799
   43.736  -68.650   43.753  -68.492   43.801  -68.324   43.812  -68.185
   43.854  -68.017   44.025  -67.620   44.052  -67.589   44.173  -67.284
 106                 33.957   30.995  -72.378  -80.522   33.957  -77.559
   31.997  -72.378   31.008  -73.769   31.008  -76.996   31.008  -77.242
   30.995  -77.247   30.996  -80.305   31.123  -80.274   31.194  -80.235
   31.244  -80.173   31.426  -80.029   31.461  -79.949   31.584  -79.880
   31.879  -80.522   31.906  -80.506   31.936  -80.475   31.983  -80.383
   32.012  -80.294   32.048  -80.237   32.113  -80.172   32.220  -80.099
   32.246  -80.025   32.278  -79.973   32.323  -79.833   32.418  -79.684
   32.492  -79.613   32.529  -79.541   32.590  -79.470   32.629  -79.391
   32.674  -79.337   32.699  -79.232   32.756  -79.139   32.843  -79.069
   32.938  -78.951   33.007  -78.899   33.121  -78.850   33.263  -78.831
   33.301  -78.789   33.335  -78.708   33.376  -78.652   33.440  -78.596
   33.502  -78.563   33.568  -78.336   33.580  -78.254   33.580  -78.190
   33.519  -78.065   33.502  -77.980   33.512  -77.872   33.557  -77.773
   33.615  -77.707   33.673  -77.666   33.812  -77.622   33.957  -77.559
  58                 38.537   33.659  -70.226  -75.644   38.332  -74.273
   37.704  -72.898   36.483  -70.226   34.783  -70.277   33.659  -70.920
   35.935  -74.861   35.926  -74.858   36.215  -75.387   36.373  -75.477
   36.540  -75.529   36.688  -75.559   36.897  -75.644   36.956  -75.581
   37.034  -75.523   37.123  -75.481   37.234  -75.405   37.448  -75.288
   37.558  -75.263   37.561  -75.239   37.605  -75.158   37.656  -75.100
   37.776  -75.023   37.941  -74.895   38.124  -74.819   38.198  -74.772
   38.305  -74.735   38.391  -74.717   38.537  -74.715   38.332  -74.273
