B00000 OUTLOOK                           3651  -9386   1
<AREA>OUTLOOK
 730                 24.230   49.359 -126.359  -66.980   48.997 -109.640
   48.999 -108.553   48.993 -107.310   49.009 -105.605   48.991 -103.573
   48.988 -101.079   49.004  -99.687   48.996  -98.242   48.991  -96.798
   48.998  -95.874   48.998  -95.106   49.339  -95.193   49.359  -94.879
   48.797  -94.623   48.642  -93.950   48.521  -93.641   48.639  -93.328
   48.546  -92.611   48.360  -92.049   48.094  -91.504   48.281  -90.835
   48.094  -90.646   48.116  -90.054   47.985  -89.350   48.343  -88.436
   47.869  -87.250   47.310  -85.896   46.885  -84.848   46.516  -84.707
   46.508  -84.142   46.128  -84.049   46.112  -83.755   46.067  -83.546
   45.975  -83.429   45.830  -83.553   45.336  -82.528   44.145  -82.199
   43.620  -82.103   43.266  -82.288   43.137  -82.307   42.997  -82.454
   42.619  -82.483   42.431  -82.704   42.360  -82.729   42.270  -83.068
   42.064  -83.189   41.930  -83.080   41.858  -83.103   41.693  -82.700
   41.713  -82.320   42.066  -81.620   42.216  -81.185   42.399  -80.167
   42.673  -79.353   42.881  -78.966   43.433  -79.194   43.655  -78.597
   43.615  -77.369   43.628  -76.813   44.151  -76.377   44.443  -75.828
   44.756  -75.494   45.025  -74.876   45.021  -71.551   45.294  -71.366
   45.379  -70.884   45.841  -70.380   46.114  -70.319   46.658  -70.030
   47.478  -69.251   47.467  -68.967   47.240  -68.967   47.296  -68.497
   47.417  -68.287   47.096  -67.785   46.598  -67.744   45.726  -67.724
   45.548  -67.403   45.222  -67.372   45.297  -67.182   45.044  -67.043
   44.938  -66.976   44.840  -66.991   44.821  -66.860   44.414  -67.302
   43.999  -67.297   43.825  -67.402   43.636  -67.834   43.559  -68.096
   43.502  -68.435   43.340  -68.711   43.292  -68.932   43.093  -69.490
   42.874  -69.706   42.750  -69.672   42.275  -69.271   41.802  -69.084
   41.441  -69.148   41.140  -69.139   40.809  -69.384   40.625  -69.583
   40.546  -69.938   40.604  -70.371   40.590  -70.794   40.463  -71.384
   40.285  -71.959   40.119  -72.393   39.987  -72.928   39.866  -73.287
   39.603  -73.286   39.166  -73.574   38.809  -73.905   38.717  -74.128
   38.523  -74.232   38.217  -74.304   38.055  -74.469   37.902  -74.536
   37.400  -74.847   37.331  -74.947   36.821  -75.255   36.394  -75.090
   35.981  -74.873   35.564  -74.797   35.129  -74.843   34.715  -75.036
   34.540  -75.530   34.383  -75.808   34.132  -76.008   33.943  -76.308
   33.852  -76.678   33.967  -76.956   33.877  -77.112   33.716  -77.287
   33.464  -77.384   33.297  -77.536   33.140  -77.889   33.235  -78.286
   33.052  -78.520   32.779  -78.640   32.499  -78.896   32.389  -79.152
   32.157  -79.452   31.935  -79.856   31.708  -80.136   31.569  -79.856
   31.287  -80.133   30.881  -80.362   30.579  -80.413   29.716  -80.138
   29.053  -79.678   28.637  -79.525   28.269  -79.543   27.446  -79.185
   26.874  -79.009   26.414  -79.056   25.676  -79.114   25.123  -79.242
   24.664  -79.471   24.272  -79.806   23.940  -80.258   23.724  -80.732
   23.583  -81.337   23.501  -81.956   23.576  -82.444   23.600  -82.835
   23.654  -83.107   23.728  -83.208   23.931  -83.283   24.300  -83.297
   24.713  -83.270   25.029  -83.147   25.038  -82.507   25.020  -82.322
   25.132  -82.357   25.226  -82.463   25.318  -82.561   25.604  -82.672
   25.905  -82.886   26.317  -83.092   26.701  -83.289   27.099  -83.546
   27.442  -83.672   27.828  -83.788   28.161  -83.770   28.467  -83.789
   28.654  -83.871   28.920  -84.127   28.712  -84.476   28.603  -84.695
   28.579  -85.035   28.619  -85.399   28.766  -85.830   28.974  -86.220
   29.329  -86.438   29.366  -86.665   29.326  -87.213   29.254  -87.563
   29.202  -87.948   29.145  -87.917   29.016  -87.941   28.719  -88.025
   28.399  -88.192   28.104  -88.531   27.966  -89.097   27.914  -89.538
   28.068  -90.057   28.010  -90.862   28.091  -91.265   28.180  -91.492
   28.404  -91.893   28.451  -92.165   28.524  -92.455   28.610  -92.973
   28.741  -93.260   28.764  -93.358   28.664  -93.603   28.657  -93.812
   28.511  -94.048   28.340  -94.295   28.195  -94.568   27.980  -94.842
   27.800  -95.171   27.655  -95.535   27.495  -95.714   27.414  -95.948
   27.329  -96.027   27.024  -96.224   26.451  -96.024   25.959  -95.959
   25.953  -97.274   25.819  -97.396   26.005  -97.694   26.040  -98.202
   26.191  -98.514   26.377  -99.017   26.540  -99.173   26.815  -99.298
   27.078  -99.461   27.349  -99.505   27.605  -99.555   27.695  -99.742
   28.071 -100.058   28.287 -100.293   28.640 -100.428   28.891 -100.633
   29.121 -100.707   29.366 -100.971   29.608 -101.333   29.752 -101.500
   29.790 -101.784   29.778 -102.190   29.789 -102.459   29.671 -102.675
   29.337 -102.813   29.159 -102.844   28.972 -103.086   29.005 -103.393
   29.392 -104.166   29.649 -104.548   29.898 -104.702   30.256 -104.720
   30.539 -104.959   30.916 -105.455   31.291 -105.957   31.547 -106.325
   31.769 -106.448   31.772 -107.166   31.773 -107.780   31.777 -108.182
   31.305 -108.213   31.308 -109.080   31.327 -109.891   31.321 -110.732
   31.320 -111.103   31.670 -112.189   32.098 -113.602   32.336 -114.404
   32.476 -114.811   32.682 -114.786   32.617 -115.696   32.552 -116.622
   32.529 -117.170   32.472 -117.646   32.446 -117.778   32.434 -118.212
   32.620 -118.264   32.669 -118.321   32.796 -118.496   32.980 -118.617
   33.056 -119.061   33.153 -119.577   33.392 -119.992   33.464 -120.206
   33.483 -120.347   33.426 -120.449   33.547 -121.014   33.695 -121.261
   33.954 -121.584   34.367 -121.825   34.660 -121.880   34.867 -122.059
   35.277 -122.421   35.493 -122.609   35.684 -122.938   35.851 -123.064
   35.972 -123.150   36.114 -123.185   36.453 -123.250   36.747 -123.615
   36.823 -123.583   36.953 -123.757   37.214 -123.737   37.213 -124.001
   37.460 -124.200   37.806 -124.264   38.079 -124.511   38.459 -124.916
   38.642 -124.971   38.691 -125.060   39.065 -125.177   39.481 -125.170
   39.655 -125.462   40.111 -125.815   40.673 -125.815   40.870 -125.636
   41.290 -125.557   41.785 -125.815   42.343 -125.928   42.819 -126.058
   43.069 -126.000   43.574 -125.840   43.833 -125.644   44.437 -125.550
   45.081 -125.562   45.410 -125.508   45.686 -125.477   45.959 -125.542
   46.089 -125.594   46.573 -125.625   46.747 -125.714   46.981 -125.800
   47.429 -126.062   47.653 -126.212   47.996 -126.359   48.497 -125.016
   48.427 -124.419   48.248 -123.761   48.261 -123.272   48.394 -123.112
   48.684 -123.345   48.788 -123.024   49.025 -123.393   48.963 -123.014
   49.051 -123.027   49.105 -122.892   48.992 -122.849   48.986 -121.659
   48.999 -120.472   48.999 -119.253   49.015 -117.737   48.994 -116.090
   48.985 -114.493   49.003 -113.116   48.990 -111.300   48.991 -109.984

