B00000 UA_TOTAL                          4501   -844   1
<AREA>UA_TOTAL
1324                 -0.500   89.999 -180.000  180.000   89.000   20.000
   88.750   20.000   87.750   20.000   86.750   20.000   85.750   20.000
   84.750   20.000   83.750   20.000   82.750   20.000   81.750   20.000
   80.750   20.000   79.750   20.000   79.000   20.000   78.500   20.000
   77.500   20.000   76.500   20.000   75.500   20.000   74.500   20.000
   73.500   20.000   72.500   20.000   71.500   20.000   70.500   20.000
   69.500   20.000   68.500   20.000   67.500   20.000   66.500   20.000
   65.500   20.000   64.500   20.000   63.500   20.000   62.500   20.000
   61.500   20.000   60.000   20.000   58.500   20.000   56.500   20.000
   54.000   20.000   52.750   20.000   51.500   20.000   50.500   20.000
   49.500   20.000   48.500   20.000   47.000   20.000   46.000   20.000
   45.000   20.000   43.000   20.000   41.000   20.000   39.500   20.000
   37.000   20.000   34.000   20.000   32.000   20.000   30.500   20.000
   30.500   20.000   29.500   20.000   28.500   20.000   27.500   20.000
   26.500   20.000   25.500   20.000   24.500   20.000   23.500   20.000
   22.500   20.000   21.500   20.000   20.500   20.000   19.500   20.000
   18.500   20.000   17.500   20.000   16.500   20.000   15.500   20.000
   14.500   20.000   13.500   20.000   12.500   20.000   11.500   20.000
   10.000   20.000    8.750   20.000    6.500   20.000    4.500   20.000
    2.750   20.000    1.750   20.000    0.500   20.000    0.000   20.000
    0.000   20.000    0.000   19.000    0.000   18.000    0.000   17.000
    0.000   16.000    0.000   15.000    0.000   14.000    0.000   13.000
    0.000   12.000    0.000   11.000    0.000   10.000    0.000    9.000
    0.000    8.000    0.000    7.000    0.000    6.000    0.000    5.000
    0.000    4.000    0.000    3.000    0.000    2.000    0.000    1.000
    0.000    0.000    0.000   -0.500    0.000   -1.500    0.000   -2.500
    0.000   -3.500    0.000   -4.500    0.000   -5.500    0.000   -6.500
    0.000   -7.500    0.000   -8.500    0.000   -9.500    0.000  -10.500
    0.000  -11.500    0.000  -12.500    0.000  -13.500    0.000  -14.500
    0.000  -15.500    0.000  -16.500    0.000  -17.500    0.000  -18.500
    0.000  -19.500    0.000  -20.500    0.000  -21.500    0.000  -22.500
    0.000  -23.500    0.000  -24.500    0.000  -25.500    0.000  -26.500
    0.000  -27.500    0.000  -28.500    0.000  -29.500    0.000  -30.500
    0.000  -31.500    0.000  -32.500    0.000  -33.500    0.000  -34.500
    0.000  -35.500    0.000  -36.500    0.000  -37.500    0.000  -38.500
    0.000  -39.500    0.000  -40.500    0.000  -41.500    0.000  -42.500
    0.000  -43.500    0.000  -44.500    0.000  -45.500    0.000  -46.500
    0.000  -47.500    0.000  -48.500    0.000  -49.500    0.000  -50.500
    0.000  -51.500    0.000  -52.500    0.000  -53.500    0.000  -54.500
    0.000  -55.500    0.000  -56.500    0.000  -57.500    0.000  -58.500
    0.000  -59.500    0.000  -60.500    0.000  -61.500    0.000  -62.500
    0.000  -63.500    0.000  -64.500    0.000  -65.500    0.000  -66.500
    0.000  -67.500    0.000  -68.500    0.000  -69.500    0.000  -70.500
    0.000  -70.500    0.000  -71.500    0.000  -71.500    0.000  -72.500
    0.000  -73.500    0.000  -74.500    0.000  -75.500    0.000  -76.500
    0.000  -77.500    0.000  -78.500    0.000  -79.500    0.000  -80.500
    0.000  -81.500    0.000  -82.500    0.000  -83.500    0.000  -84.500
    0.000  -85.500    0.000  -86.500    0.000  -87.500    0.000  -88.500
    0.000  -89.500    0.000  -90.500    0.000  -91.500    0.000  -92.500
    0.000  -93.500    0.000  -94.500    0.000  -95.500    0.000  -96.500
    0.000  -97.500    0.000  -98.500    0.000  -99.500    0.000 -100.500
    0.000 -101.500    0.000 -102.500    0.000 -103.500    0.000 -104.500
    0.000 -105.500    0.000 -106.500    0.000 -107.500    0.000 -108.500
    0.000 -109.500    0.000 -110.500    0.000 -111.500    0.000 -112.500
    0.000 -113.500    0.000 -114.500    0.000 -115.500    0.000 -116.500
    0.000 -117.500    0.000 -118.500    0.000 -119.500    0.000 -120.500
    0.000 -121.500    0.000 -122.500    0.000 -123.500    0.000 -124.500
    0.000 -125.500    0.000 -126.500    0.000 -127.500    0.000 -128.500
    0.000 -129.500    0.000 -130.500    0.000 -131.500    0.000 -132.500
    0.000 -133.500    0.000 -134.500    0.000 -135.500    0.000 -136.500
    0.000 -137.500    0.000 -138.500    0.000 -139.500    0.000 -140.500
    0.000 -141.500    0.000 -142.500    0.000 -143.500    0.000 -144.500
    0.000 -145.500    0.000 -146.500    0.000 -147.500    0.000 -148.500
    0.000 -149.500    0.000 -150.500    0.000 -151.500    0.000 -152.500
    0.000 -153.500    0.000 -154.500    0.000 -155.500    0.000 -156.500
    0.000 -157.500    0.000 -158.500    0.000 -159.500    0.000 -159.500
    0.000 -160.500    0.000 -161.500    0.000 -162.500    0.000 -163.500
    0.000 -164.500    0.000 -165.500    0.000 -166.500    0.000 -167.500
    0.000 -168.500    0.000 -169.500    0.000 -170.500    0.000 -171.500
    0.000 -172.500    0.000 -173.500    0.000 -174.500    0.000 -175.500
    0.000 -176.500    0.000 -177.500    0.000 -178.500    0.000 -179.500
    0.000  179.500    0.000  178.500    0.000  177.500    0.000  176.500
    0.000  175.500    0.000  174.500    0.000  173.500    0.000  172.500
    0.000  171.500    0.000  170.500    0.000  169.500    0.000  168.500
    0.000  167.500    0.000  166.500    0.000  165.500    0.000  164.500
    0.000  163.500    0.000  162.500    0.000  161.500    0.000  160.500
    0.000  159.500    0.000  158.500    0.000  157.500    0.000  156.500
    0.000  155.500    0.000  154.500    0.000  153.500    0.000  152.500
    0.000  151.500    0.000  150.500    0.000  149.500    0.000  148.500
    0.000  147.500    0.000  146.500    0.000  145.500    0.000  144.500
    0.000  143.500    0.000  142.500    0.000  141.500    0.000  140.500
    0.000  139.500    0.000  138.500    0.000  137.500    0.000  136.500
    0.000  135.500    0.000  134.500    0.000  133.500    0.000  132.500
    0.000  131.500    0.000  130.500    0.000  130.000    0.000  130.000
    0.500  130.000    1.750  130.000    3.000  130.000    4.500  130.000
    6.750  130.000    9.000  130.000   10.000  130.000   11.750  130.000
   12.750  130.000   13.750  130.000   14.750  130.000   15.750  130.000
   16.750  130.000   17.750  130.000   18.750  130.000   19.750  130.000
   20.750  130.000   21.750  130.000   22.750  130.000   23.750  130.000
   24.750  130.000   25.750  130.000   26.750  130.000   27.750  130.000
   28.750  130.000   29.500  130.000   30.500  130.000   30.500  130.000
   32.500  130.000   34.000  130.000   37.000  130.000   39.500  130.000
   41.500  130.000   43.500  130.000   45.500  130.000   46.440  130.000
   47.500  130.000   48.500  130.000   49.500  130.000   50.500  130.000
   51.750  130.000   53.000  130.000   54.500  130.000   56.750  130.000
   58.750  130.000   60.000  130.000   61.500  130.000   62.500  130.000
   63.500  130.000   64.500  130.000   65.500  130.000   66.500  130.000
   67.500  130.000   68.500  130.000   69.500  130.000   70.500  130.000
   71.500  130.000   72.500  130.000   73.500  130.000   74.500  130.000
   75.500  130.000   76.500  130.000   77.500  130.000   78.500  130.000
   79.000  130.000   80.000  130.000   81.000  130.000   82.000  130.000
   83.000  130.000   84.000  130.000   85.000  130.000   86.000  130.000
   87.000  130.000   88.000  130.000   89.000  130.000   89.500  130.000
   89.999  131.000   89.999  132.000   89.999  133.000   89.999  134.000
   89.999  135.000   89.999  136.000   89.999  137.000   89.999  138.000
   89.999  139.000   89.999  140.000   89.999  141.000   89.999  142.000
   89.999  143.000   89.999  144.000   89.999  145.000   89.999  146.000
   89.999  147.000   89.999  148.000   89.999  149.000   89.999  150.000
   89.999  151.000   89.999  152.000   89.999  153.000   89.999  154.000
   89.999  155.000   89.999  156.000   89.999  157.000   89.999  158.000
   89.999  159.000   89.999  160.000   89.999  161.000   89.999  162.000
   89.999  163.000   89.999  164.000   89.999  165.000   89.999  166.000
   89.999  167.000   89.999  168.000   89.999  169.000   89.999  170.000
   89.999  171.000   89.999  172.000   89.999  173.000   89.999  174.000
   89.999  175.000   89.999  176.000   89.999  177.000   89.999  178.000
   89.999  179.000   89.999 -179.500   89.999 -178.500   89.999 -177.500
   89.999 -176.500   89.999 -175.500   89.999 -174.500   89.999 -173.500
   89.999 -172.500   89.999 -171.500   89.999 -170.500   89.999 -169.500
   89.999 -168.500   89.999 -167.500   89.999 -166.500   89.999 -165.500
   89.999 -164.500   89.999 -163.500   89.999 -162.500   89.999 -161.500
   89.999 -160.500   89.999 -159.750   89.999 -158.500   89.999 -158.500
   89.999 -157.500   89.999 -156.500   89.999 -155.500   89.999 -154.500
   89.999 -153.500   89.999 -152.500   89.999 -151.500   89.999 -150.500
   89.999 -149.500   89.999 -148.500   89.999 -147.500   89.999 -146.500
   89.999 -145.500   89.999 -144.500   89.999 -143.500   89.999 -142.500
   89.999 -141.500   89.999 -140.500   89.999 -139.500   89.999 -138.500
   89.999 -137.500   89.999 -136.500   89.999 -135.500   89.999 -134.500
   89.999 -133.500   89.999 -132.500   89.999 -131.500   89.999 -130.500
   89.999 -129.500   89.999 -128.500   89.999 -127.500   89.999 -126.500
   89.999 -125.500   89.999 -124.500   89.999 -123.500   89.999 -122.500
   89.999 -121.500   89.999 -120.500   89.999 -119.500   89.999 -118.500
   89.999 -117.500   89.999 -116.500   89.999 -115.500   89.999 -114.500
   89.999 -113.500   89.999 -112.500   89.999 -111.500   89.999 -110.500
   89.999 -109.500   89.999 -108.500   89.999 -107.500   89.999 -106.500
   89.999 -105.500   89.999 -104.500   89.999 -103.500   89.999 -102.500
   89.999 -101.500   89.999 -100.500   89.999  -99.500   89.999  -98.500
   89.999  -97.500   89.999  -96.500   89.999  -95.500   89.999  -94.500
   89.999  -93.500   89.999  -92.500   89.999  -91.500   89.999  -90.500
   89.999  -89.500   89.999  -88.500   89.999  -87.500   89.999  -86.500
   89.999  -85.500   89.999  -84.500   89.999  -83.500   89.999  -82.500
   89.999  -81.500   89.999  -80.500   89.999  -79.500   89.999  -78.500
   89.999  -77.500   89.999  -76.500   89.999  -75.500   89.999  -74.500
   89.999  -73.500   89.999  -72.500   89.999  -71.500   89.999  -70.500
   89.999  -70.500   89.999  -69.500   89.999  -69.500   89.999  -68.500
   89.999  -67.500   89.999  -66.500   89.999  -65.500   89.999  -64.500
   89.999  -63.500   89.999  -62.500   89.999  -61.500   89.999  -60.500
   89.999  -59.500   89.999  -58.500   89.999  -57.500   89.999  -56.500
   89.999  -55.500   89.999  -54.500   89.999  -53.500   89.999  -52.500
   89.999  -51.500   89.999  -50.500   89.999  -49.500   89.999  -48.500
   89.999  -47.500   89.999  -46.500   89.999  -45.500   89.999  -44.500
   89.999  -43.500   89.999  -42.500   89.999  -41.500   89.999  -40.500
   89.999  -39.500   89.999  -38.500   89.999  -37.500   89.999  -36.500
   89.999  -35.500   89.999  -34.500   89.999  -33.500   89.999  -32.500
   89.999  -31.500   89.999  -30.500   89.999  -29.500   89.999  -28.500
   89.999  -27.500   89.999  -26.500   89.999  -25.500   89.999  -24.500
   89.999  -23.500   89.999  -22.500   89.999  -21.500   89.999  -20.500
   89.999  -19.500   89.999  -18.500   89.999  -17.500   89.999  -16.500
   89.999  -15.500   89.999  -14.500   89.999  -13.500   89.999  -12.500
   89.999  -11.500   89.999  -10.500   89.999   -9.500   89.999   -8.500
   89.999   -7.500   89.999   -6.500   89.999   -5.500   89.999   -4.500
   89.999   -3.500   89.999   -2.500   89.999   -1.500   89.999   -0.500
   89.999    0.000   89.999    1.000   89.999    1.750   89.999    2.750
   89.999    3.750   89.999    4.750   89.999    5.750   89.999    6.750
   89.999    7.750   89.999    8.750   89.999    9.750   89.999   10.750
   89.999   11.750   89.999   12.750   89.999   13.750   89.999   14.750
   89.999   15.750   89.999   16.750   89.999   17.750   89.999   18.750
   89.999   20.000
B00000 UA_HPCE                           4850  -8743   1
<AREA>UA_HPCE
 462                 25.750   80.000 -105.000  -52.500   80.000 -105.000
   80.000 -105.000   79.000 -105.000   78.000 -105.000   77.000 -105.000
   76.000 -105.000   75.000 -105.000   74.000 -105.000   73.000 -105.000
   72.000 -105.000   71.000 -105.000   70.000 -105.000   69.000 -105.000
   68.000 -105.000   67.000 -105.000   66.000 -105.000   65.000 -105.000
   64.000 -105.000   63.000 -105.000   62.000 -105.000   61.000 -105.000
   60.000 -105.000   59.000 -105.000   58.000 -105.000   57.000 -105.000
   56.000 -105.000   55.000 -105.000   54.000 -105.000   53.000 -105.000
   52.000 -105.000   51.000 -105.000   50.000 -105.000   49.000 -105.000
   48.000 -105.000   47.000 -105.000   46.000 -105.000   45.000 -105.000
   44.000 -105.000   43.000 -105.000   42.000 -105.000   41.000 -105.000
   40.000 -105.000   39.000 -105.000   38.000 -105.000   37.000 -105.000
   36.000 -105.000   35.000 -105.000   34.000 -105.000   33.000 -105.000
   32.000 -105.000   31.000 -105.000   30.750 -105.000   30.500 -105.000
   30.500 -104.750   30.000 -104.500   30.000 -104.500   29.500 -104.500
   29.000 -103.000   28.750 -103.000   29.500 -102.500   29.750 -102.000
   29.500 -101.500   29.000 -100.750   28.500 -100.000   28.000 -100.000
   28.000  -99.750   27.500  -99.500   27.500  -99.500   27.000  -99.429
   26.750  -99.000   26.422  -99.000   26.000  -98.000   26.000  -97.500
   25.750  -97.413   25.750  -97.000   26.000  -97.000   26.500  -97.500
   27.000  -97.500   27.500  -97.000   28.000  -97.000   28.000  -96.500
   28.500  -96.000   28.750  -95.000   29.444  -94.500   29.500  -94.000
   29.500  -93.500   29.500  -93.000   29.500  -92.500   29.500  -92.402
   29.500  -92.000   29.000  -91.000   29.000  -90.750   29.000  -90.000
   29.750  -89.000   30.000  -89.440   30.412  -88.750   30.000  -88.500
   30.000  -87.500   31.000  -87.500   31.000  -85.000   31.000  -85.000
   30.750  -84.750   30.500  -84.750   30.500  -84.750   30.500  -84.750
   30.500  -82.000   30.500  -82.000   30.500  -82.000   30.433  -82.000
   30.000  -82.000   30.000  -82.000   30.000  -82.000   30.417  -82.000
   30.500  -82.000   30.500  -82.000   30.500  -82.000   30.500  -81.750
   30.750  -81.750   30.750  -81.750   30.750  -81.750   30.500  -81.750
   30.500  -81.500   30.500  -81.500   30.500  -81.500   30.500  -81.500
   30.500  -81.500   30.500  -81.500   30.500  -81.500   30.500  -81.500
   30.500  -81.433   30.500  -81.444   31.000  -81.000   31.500  -81.000
   32.000  -80.750   32.500  -80.000   33.000  -79.000   33.500  -78.750
   33.750  -78.445   33.750  -77.750   34.000  -77.500   34.500  -77.000
   34.500  -76.500   34.500  -76.500   35.500  -75.500   36.500  -75.750
   37.000  -75.750   38.426  -75.000   38.750  -74.750   39.500  -74.000
   40.000  -74.000   40.500  -73.750   41.000  -73.500   41.000  -72.750
   41.000  -71.430   41.500  -70.000   42.000  -70.500   42.750  -70.500
   43.500  -70.000   43.750  -69.000   44.000  -68.750   44.500  -67.000
   43.500  -66.000   43.446  -65.500   44.431  -64.000   45.000  -61.000
   45.750  -59.500   46.750  -55.750   46.500  -53.000   47.500  -52.500
   49.000  -53.415   50.750  -54.500   52.000  -55.500   53.000  -55.750
   53.500  -57.000   54.500  -57.000   55.000  -59.000   55.000  -60.000
   55.500  -60.000   56.000  -61.500   57.000  -61.000   57.500  -61.750
   58.500  -62.750   60.000  -64.000   61.750  -65.750   62.750  -64.500
   63.500  -64.402   64.000  -65.000   64.750  -63.442   66.500  -61.000
   69.750  -67.000   73.449  -77.000   74.750  -79.000   76.500  -77.500
   78.000  -75.000   79.000  -74.000   79.750  -70.500   80.000  -71.000
   80.000  -72.000   80.000  -73.000   80.000  -74.000   80.000  -75.000
   80.000  -76.000   80.000  -77.000   80.000  -78.000   80.000  -79.000
   80.000  -80.000   80.000  -81.000   80.000  -82.000   80.000  -83.000
   80.000  -84.000   80.000  -85.000   80.000  -86.000   80.000  -87.000
   80.000  -88.000   80.000  -89.000   80.000  -90.000   80.000  -91.000
   80.000  -92.000   80.000  -93.000   80.000  -94.000   80.000  -95.000
   80.000  -96.000   80.000  -97.000   80.000  -98.000   80.000  -99.000
   80.000 -100.000   80.000 -101.000   80.000 -102.000   80.000 -103.000
   80.000 -104.000   80.000 -105.000
B00000 UA_HPCW                           6117 -13141   1
<AREA>UA_HPCW
 456                 30.500   80.000 -169.750 -105.000   30.500 -105.000
   30.500 -105.000   30.750 -105.000   31.401 -105.750   31.500 -106.000
   31.500 -106.500   31.500 -106.500   31.500 -108.000   31.000 -108.000
   31.000 -109.000   31.000 -111.000   32.500 -114.750   32.500 -114.500
   32.500 -117.000   33.000 -117.000   33.500 -117.500   34.000 -118.500
   34.000 -119.000   34.410 -119.500   34.500 -120.500   35.000 -120.500
   36.000 -121.750   37.000 -122.412   37.750 -122.500   38.000 -122.750
   38.750 -123.500   39.500 -123.750   40.000 -124.418   40.750 -124.000
   41.000 -124.000   41.500 -124.000   42.000 -124.000   42.000 -124.000
   42.500 -124.000   42.750 -124.500   43.750 -124.000   44.750 -124.000
   45.500 -123.750   46.000 -123.750   46.500 -124.000   47.000 -124.000
   47.750 -124.500   47.750 -124.500   48.000 -124.500   48.500 -124.500
   50.500 -128.000   52.000 -128.000   53.500 -129.000   54.750 -130.750
   55.500 -132.000   56.750 -133.750   57.750 -135.500   58.500 -137.750
   59.500 -139.750   59.750 -141.000   60.000 -142.500   60.000 -143.000
   60.000 -143.500   59.750 -143.750   60.000 -144.000   59.750 -143.750
   60.000 -144.750   60.000 -145.750   60.000 -146.750   60.000 -147.750
   60.000 -148.750   60.000 -149.750   60.000 -151.000   60.000 -152.000
   60.000 -152.500   58.750 -153.000   58.750 -153.750   58.750 -154.750
   58.750 -155.750   58.750 -156.750   58.750 -157.750   58.750 -158.750
   58.750 -159.750   58.750 -160.750   58.750 -161.750   58.750 -162.750
   58.750 -163.750   58.750 -164.750   58.750 -165.750   58.750 -166.750
   58.750 -167.750   58.750 -169.000   58.750 -169.750   60.000 -169.750
   60.750 -169.750   61.750 -169.750   63.000 -169.750   64.000 -169.750
   64.750 -169.750   66.000 -169.750   66.750 -169.750   68.000 -169.750
   69.000 -169.750   69.750 -169.750   70.750 -169.750   71.750 -169.750
   72.750 -169.750   73.750 -169.750   74.750 -169.750   75.750 -169.750
   76.750 -169.750   77.750 -169.750   79.000 -169.750   79.750 -169.750
   79.750 -168.750   79.750 -167.750   79.750 -167.000   79.750 -165.750
   79.750 -165.000   79.750 -163.750   79.750 -163.000   80.000 -162.000
   80.000 -161.000   80.000 -160.000   80.000 -159.000   80.000 -158.000
   80.000 -157.000   80.000 -156.000   80.000 -155.000   80.000 -154.000
   80.000 -153.000   80.000 -152.000   80.000 -151.000   80.000 -150.000
   80.000 -149.000   80.000 -148.000   80.000 -147.000   80.000 -146.000
   80.000 -145.000   80.000 -144.000   80.000 -143.000   80.000 -143.000
   80.000 -142.000   80.000 -141.000   80.000 -140.000   80.000 -139.000
   80.000 -138.000   80.000 -137.000   80.000 -136.000   80.000 -135.000
   80.000 -134.000   80.000 -133.000   80.000 -132.000   80.000 -131.000
   80.000 -130.000   80.000 -129.000   80.000 -128.000   80.000 -127.000
   80.000 -126.000   80.000 -125.000   80.000 -124.000   80.000 -123.000
   80.000 -122.000   80.000 -121.000   80.000 -120.000   80.000 -119.000
   80.000 -118.000   80.000 -117.000   80.000 -116.000   80.000 -115.000
   80.000 -113.750   80.000 -112.750   80.000 -111.750   80.000 -110.750
   80.000 -109.750   80.000 -108.750   80.000 -107.750   80.000 -106.750
   80.000 -106.000   80.000 -105.000   80.000 -105.000   80.000 -105.000
   80.000 -105.000   79.000 -105.000   78.000 -105.000   77.000 -105.000
   76.000 -105.000   75.000 -105.000   74.000 -105.000   73.000 -105.000
   72.000 -105.000   71.000 -105.000   70.000 -105.000   69.000 -105.000
   68.000 -105.000   67.000 -105.000   66.000 -105.000   65.000 -105.000
   64.000 -105.000   63.000 -105.000   62.000 -105.000   61.000 -105.000
   60.000 -105.000   59.000 -105.000   58.000 -105.000   57.000 -105.000
   56.000 -105.000   55.000 -105.000   54.000 -105.000   53.000 -105.000
   52.000 -105.000   51.000 -105.000   50.000 -105.000   49.000 -105.000
   48.000 -105.000   47.000 -105.000   46.000 -105.000   45.000 -105.000
   44.000 -105.000   43.000 -105.000   42.000 -105.000   41.000 -105.000
   40.000 -105.000   39.000 -105.000   38.000 -105.000   37.000 -105.000
   36.000 -105.000   35.000 -105.000   34.000 -105.000   33.000 -105.000
   32.000 -105.000   31.000 -105.000   30.750 -105.000
B00000 UA_TROP                           1664  -2881   1
<AREA>UA_TROP
1238                 -0.000   32.500 -180.000  180.000    0.000   20.000
    0.000   18.750    0.000   17.750    0.000   16.750    0.000   15.750
    0.000   14.750    0.000   13.750    0.000   12.750    0.000   11.750
    0.000   10.750    0.000    9.750    0.000    8.750    0.000    7.750
    0.000    6.750    0.000    5.750    0.000    4.750    0.000    3.750
    0.000    2.750    0.000    1.750    0.000    1.000    0.000    0.000
    0.000   -0.500    0.000   -1.500    0.000   -2.500    0.000   -3.500
    0.000   -4.500    0.000   -5.500    0.000   -6.500    0.000   -7.500
    0.000   -8.500    0.000   -9.500    0.000  -10.500    0.000  -11.500
    0.000  -12.500    0.000  -13.500    0.000  -14.500    0.000  -15.500
    0.000  -16.500    0.000  -17.500    0.000  -18.500    0.000  -19.500
    0.000  -20.500    0.000  -21.500    0.000  -22.500    0.000  -23.500
    0.000  -24.500    0.000  -25.500    0.000  -26.500    0.000  -27.500
    0.000  -28.500    0.000  -29.500    0.000  -30.500    0.000  -31.500
    0.000  -32.500    0.000  -33.500    0.000  -34.500    0.000  -35.500
    0.000  -36.500    0.000  -37.500    0.000  -38.500    0.000  -39.500
    0.000  -40.500    0.000  -41.500    0.000  -42.500    0.000  -43.500
    0.000  -44.500    0.000  -45.500    0.000  -46.500    0.000  -47.500
    0.000  -48.500    0.000  -49.500    0.000  -50.500    0.000  -51.500
    0.000  -52.500    0.000  -53.500    0.000  -54.500    0.000  -55.500
    0.000  -56.500    0.000  -57.500    0.000  -58.500    0.000  -59.500
    0.000  -60.500    0.000  -61.500    0.000  -62.500    0.000  -63.500
    0.000  -64.500    0.000  -65.500    0.000  -66.500    0.000  -67.500
    0.000  -68.500    0.000  -69.500    0.000  -69.500    0.000  -70.500
    0.000  -70.500    0.000  -71.500    0.000  -72.500    0.000  -73.500
    0.000  -74.500    0.000  -75.500    0.000  -76.500    0.000  -77.500
    0.000  -78.500    0.000  -79.500    0.000  -80.500    0.000  -81.500
    0.000  -82.500    0.000  -83.500    0.000  -84.500    0.000  -85.500
    0.000  -86.500    0.000  -87.500    0.000  -88.500    0.000  -89.500
    0.000  -90.500    0.000  -91.500    0.000  -92.500    0.000  -93.500
    0.000  -94.500    0.000  -95.500    0.000  -96.500    0.000  -97.500
    0.000  -98.500    0.000  -99.500    0.000 -100.500    0.000 -101.500
    0.000 -102.500    0.000 -103.500    0.000 -104.500    0.000 -105.500
    0.000 -106.500    0.000 -107.500    0.000 -108.500    0.000 -109.500
    0.000 -110.500    0.000 -111.500    0.000 -112.500    0.000 -113.500
    0.000 -114.500    0.000 -115.500    0.000 -116.500    0.000 -117.500
    0.000 -118.500    0.000 -119.500    0.000 -120.500    0.000 -121.500
    0.000 -122.500    0.000 -123.500    0.000 -124.500    0.000 -125.500
    0.000 -126.500    0.000 -127.500    0.000 -128.500    0.000 -129.500
    0.000 -130.500    0.000 -131.500    0.000 -132.500    0.000 -133.500
    0.000 -134.500    0.000 -135.500    0.000 -136.500    0.000 -137.500
    0.000 -138.500    0.000 -139.500    0.000 -140.500    0.000 -141.500
    0.000 -142.500    0.000 -143.500    0.000 -144.500    0.000 -145.500
    0.000 -146.500    0.000 -147.500    0.000 -148.500    0.000 -149.500
    0.000 -150.500    0.000 -151.500    0.000 -152.500    0.000 -153.500
    0.000 -154.500    0.000 -155.500    0.000 -156.500    0.000 -157.500
    0.000 -158.500   -0.000 -158.500    0.000 -159.500    0.000 -160.500
    0.000 -161.500    0.000 -162.500    0.000 -163.500    0.000 -164.500
    0.000 -165.500    0.000 -166.500    0.000 -167.500    0.000 -168.500
    0.000 -169.500    0.000 -170.500    0.000 -171.500    0.000 -172.500
    0.000 -173.500    0.000 -174.500    0.000 -175.500    0.000 -176.500
    0.000 -177.500    0.000 -178.500    0.000 -179.500    0.000  179.000
    0.000  178.000    0.000  177.000    0.000  176.000    0.000  175.000
    0.000  174.000    0.000  173.000    0.000  172.000    0.000  171.000
    0.000  170.000    0.000  169.000    0.000  168.000    0.000  167.000
    0.000  166.000    0.000  165.000    0.000  164.000    0.000  163.000
    0.000  162.000    0.000  161.000    0.000  160.000    0.000  159.000
    0.000  158.000    0.000  157.000    0.000  156.000    0.000  155.000
    0.000  154.000    0.000  153.000    0.000  152.000    0.000  151.000
    0.000  150.000    0.000  149.000    0.000  148.000    0.000  147.000
    0.000  146.000    0.000  145.000    0.000  144.000    0.000  143.000
    0.000  142.000    0.000  141.000    0.000  140.000    0.000  139.000
    0.000  138.000    0.000  137.000    0.000  136.000    0.000  135.000
    0.000  134.000    0.000  133.000    0.000  132.000    0.000  131.000
   -0.000  130.000    0.750  130.000    2.000  130.000    3.000  130.000
    4.500  130.000    7.000  130.000    9.000  130.000   10.500  130.000
   11.750  130.000   12.750  130.000   13.750  130.000   14.750  130.000
   15.750  130.000   16.750  130.000   17.750  130.000   18.750  130.000
   20.000  130.000   20.750  130.000   21.750  130.000   22.750  130.000
   23.750  130.000   24.750  130.000   25.750  130.000   26.750  130.000
   27.750  130.000   28.750  130.000   30.000  130.000   30.000  130.000
   30.000  130.000   30.000  130.000   30.000  131.000   30.000  132.000
   30.000  133.000   30.000  134.000   30.000  135.000   30.000  136.000
   30.000  137.000   30.000  138.000   30.000  139.000   30.000  140.000
   30.000  141.000   30.000  142.000   30.000  143.000   30.000  144.000
   30.000  145.000   30.000  146.000   30.000  147.000   30.000  148.000
   30.000  149.000   30.000  150.000   30.000  151.000   30.000  152.000
   30.000  153.000   30.000  154.000   30.000  155.000   30.000  156.000
   30.000  157.000   30.000  158.000   30.000  159.000   30.000  160.000
   30.000  161.000   30.000  162.000   30.000  163.000   30.000  164.000
   30.000  165.000   30.000  166.000   30.000  167.000   30.000  168.000
   30.000  169.000   30.000  170.000   30.000  171.000   30.000  172.000
   30.000  173.000   30.000  174.000   30.000  175.000   30.000  176.000
   30.000  177.000   30.000  178.000   30.000  179.000   30.000 -179.500
   30.000 -178.500   30.000 -177.500   30.000 -176.500   30.000 -175.500
   30.000 -174.500   30.000 -173.500   30.000 -172.500   30.000 -171.500
   30.000 -170.500   30.000 -169.500   30.000 -168.500   30.000 -167.500
   30.000 -166.500   30.000 -165.500   30.000 -164.500   30.000 -163.500
   30.000 -162.500   30.000 -161.500   30.000 -160.750   30.000 -159.000
   30.000 -158.000   30.000 -157.000   30.000 -156.000   30.000 -155.000
   30.000 -154.000   30.000 -153.000   30.000 -152.000   30.000 -151.000
   30.000 -150.000   30.000 -149.000   30.000 -148.000   30.000 -147.000
   30.000 -146.000   30.000 -145.000   30.000 -144.000   30.000 -143.000
   30.000 -142.000   30.000 -141.000   30.000 -140.000   30.000 -139.000
   30.000 -138.000   30.000 -137.000   30.000 -136.000   30.000 -135.000
   30.000 -134.000   30.000 -133.000   30.000 -132.000   30.000 -131.000
   30.000 -130.000   30.000 -129.000   30.000 -128.000   30.000 -127.000
   30.000 -126.000   30.000 -125.000   30.000 -124.000   30.000 -123.000
   30.000 -122.000   30.000 -121.000   30.000 -120.000   30.000 -119.000
   30.000 -118.000   30.000 -117.000   30.000 -115.500   31.000 -116.500
   32.500 -117.000   32.500 -114.500   32.500 -114.500   32.500 -114.750
   31.000 -111.000   31.000 -109.000   31.000 -109.000   31.000 -108.000
   31.500 -108.000   31.500 -106.500   31.500 -106.500   31.500 -106.000
   31.000 -105.750   30.750 -105.000   30.500 -104.750   30.000 -104.500
   30.000 -104.500   29.500 -104.500   28.750 -103.000   28.750 -103.000
   29.500 -102.500   29.750 -102.000   29.500 -101.448   29.000 -100.500
   28.000 -100.000   27.750  -99.750   27.500  -99.500   27.500  -99.500
   27.000  -99.439   26.750  -99.000   26.412  -99.000   26.000  -98.000
   26.000  -97.500   25.750  -97.420   25.750  -97.000   26.000  -97.000
   26.500  -97.500   27.000  -97.500   27.500  -97.000   28.000  -97.000
   28.000  -96.500   28.500  -96.000   28.500  -95.500   28.750  -95.000
   29.000  -95.000   29.446  -94.500   29.500  -94.000   29.500  -93.750
   29.500  -93.000   29.500  -92.500   29.500  -92.000   29.500  -92.000
   29.000  -90.750   29.000  -90.000   29.750  -89.000   30.000  -89.435
   30.405  -88.750   30.000  -88.500   30.000  -87.500   31.000  -87.500
   31.000  -85.000   31.000  -85.000   30.750  -84.750   30.500  -84.750
   30.500  -84.750   30.500  -84.750   30.500  -82.000   30.500  -82.000
   30.500  -82.000   30.433  -82.000   30.000  -82.000   30.000  -82.000
   30.000  -82.000   30.417  -82.000   30.500  -82.000   30.500  -82.000
   30.500  -82.000   30.500  -81.750   30.750  -81.750   30.750  -81.750
   30.750  -81.750   30.500  -81.750   30.500  -81.500   30.500  -81.500
   30.500  -81.500   30.500  -81.500   30.500  -81.500   30.500  -81.500
   30.500  -81.500   30.500  -81.500   30.500  -81.500   31.000  -81.411
   31.000  -79.750   31.000  -78.750   31.000  -77.750   31.000  -76.750
   31.000  -75.750   31.000  -74.750   31.000  -73.750   31.000  -72.750
   31.000  -71.750   31.000  -70.750   31.000  -69.750   31.000  -68.750
   31.000  -67.750   31.000  -66.750   31.000  -65.750   31.000  -64.750
   31.000  -63.750   31.000  -62.750   31.000  -61.750   31.000  -60.750
   31.000  -59.750   31.000  -58.750   31.000  -57.750   31.000  -56.750
   31.000  -55.750   31.000  -54.750   31.000  -53.750   31.000  -52.750
   31.000  -51.750   31.000  -50.750   31.000  -49.750   31.000  -48.750
   31.000  -47.750   31.000  -46.750   31.000  -45.750   31.000  -44.750
   31.000  -43.750   31.000  -42.750   31.000  -41.750   31.000  -40.750
   31.000  -39.750   31.000  -38.750   31.000  -37.750   31.000  -36.750
   31.000  -35.750   31.000  -34.750   31.000  -33.750   31.000  -32.750
   31.000  -31.750   31.000  -30.750   31.000  -30.000   31.000  -28.750
   31.000  -27.750   31.000  -26.750   31.000  -25.750   31.000  -24.750
   31.000  -23.750   31.000  -22.750   31.000  -21.750   31.000  -20.750
   31.000  -20.000   31.000  -18.750   31.000  -17.750   31.000  -16.750
   31.000  -15.750   31.000  -14.750   31.000  -13.750   31.000  -12.750
   31.000  -11.750   31.000  -10.750   31.000   -9.750   31.000   -8.750
   31.000   -7.750   31.000   -6.750   31.000   -5.750   31.000   -4.750
   31.000   -3.750   31.000   -2.750   31.000   -1.750   31.000   -0.750
   31.000   -0.000   31.000    1.000   31.000    2.000   31.000    3.000
   31.000    4.000   31.000    5.000   31.000    6.000   31.000    7.000
   31.000    8.000   31.000    9.000   31.000   10.000   31.000   11.000
   31.000   12.000   31.000   13.000   31.000   14.000   31.000   15.000
   31.000   16.000   31.000   17.000   31.000   18.000   31.000   19.000
   31.000   20.000   30.500   20.000   30.000   20.000   29.000   20.000
   28.000   20.000   27.000   20.000   26.000   20.000   25.000   20.000
   24.000   20.000   23.000   20.000   22.000   20.000   21.000   20.000
   20.000   20.000   19.000   20.000   18.000   20.000   17.000   20.000
   16.000   20.000   15.000   20.000   14.000   20.000   13.000   20.000
   12.000   20.000   10.500   20.000    8.500   20.000    6.500   20.000
    5.500   20.000    4.400   20.000    2.750   20.000    2.000   20.000
    0.500   20.000    0.448   20.000
B00000 UA_HFO                            1530    884   1
<AREA>UA_HFO
 476                 -0.000   30.000 -180.000  180.000   -0.000 -140.500
    0.000 -140.500    0.000 -141.500    0.000 -142.500    0.000 -143.500
    0.000 -144.500    0.000 -145.500    0.000 -146.500    0.000 -147.500
    0.000 -148.500    0.000 -149.500    0.000 -150.500    0.000 -151.500
    0.000 -152.500    0.000 -153.500    0.000 -154.500    0.000 -155.500
    0.000 -156.500    0.000 -157.500    0.000 -158.500   -0.000 -158.500
    0.000 -159.500    0.000 -160.500    0.000 -161.500    0.000 -162.500
    0.000 -163.500    0.000 -164.500    0.000 -165.500    0.000 -166.500
    0.000 -167.500    0.000 -168.500    0.000 -169.500    0.000 -170.500
    0.000 -171.500    0.000 -172.500    0.000 -173.500    0.000 -174.500
    0.000 -175.500    0.000 -176.500    0.000 -177.500    0.000 -178.500
    0.000 -179.500    0.000  179.000    0.000  178.000    0.000  177.000
    0.000  176.000    0.000  175.000    0.000  174.000    0.000  173.000
    0.000  172.000    0.000  171.000    0.000  170.000    0.000  169.000
    0.000  168.000    0.000  167.000    0.000  166.000    0.000  165.000
    0.000  164.000    0.000  163.000    0.000  162.000    0.000  161.000
    0.000  160.000    0.000  159.000    0.000  158.000    0.000  157.000
    0.000  156.000    0.000  155.000    0.000  154.000    0.000  153.000
    0.000  152.000    0.000  151.000    0.000  150.000    0.000  149.000
    0.000  148.000    0.000  147.000    0.000  146.000    0.000  145.000
    0.000  144.000    0.000  143.000    0.000  142.000    0.000  141.000
    0.000  140.000    0.000  139.000    0.000  138.000    0.000  137.000
    0.000  136.000    0.000  135.000    0.000  134.000    0.000  133.000
    0.000  132.000    0.000  131.000   -0.000  130.000    0.750  130.000
    2.000  130.000    3.000  130.000    4.500  130.000    7.000  130.000
    9.000  130.000   10.500  130.000   11.750  130.000   12.750  130.000
   13.750  130.000   14.750  130.000   15.750  130.000   16.750  130.000
   17.750  130.000   18.750  130.000   20.000  130.000   20.750  130.000
   21.750  130.000   22.750  130.000   23.750  130.000   24.750  130.000
   25.750  130.000   26.750  130.000   27.750  130.000   28.750  130.000
   30.000  130.000   30.000  130.000   30.000  130.000   30.000  130.000
   30.000  131.000   30.000  132.000   30.000  133.000   30.000  134.000
   30.000  135.000   30.000  136.000   30.000  137.000   30.000  138.000
   30.000  139.000   30.000  140.000   30.000  141.000   30.000  142.000
   30.000  143.000   30.000  144.000   30.000  145.000   30.000  146.000
   30.000  147.000   30.000  148.000   30.000  149.000   30.000  150.000
   30.000  151.000   30.000  152.000   30.000  153.000   30.000  154.000
   30.000  155.000   30.000  156.000   30.000  157.000   30.000  158.000
   30.000  159.000   30.000  160.000   30.000  161.000   30.000  162.000
   30.000  163.000   30.000  164.000   30.000  165.000   30.000  166.000
   30.000  167.000   30.000  168.000   30.000  169.000   30.000  170.000
   30.000  171.000   30.000  172.000   30.000  173.000   30.000  174.000
   30.000  175.000   30.000  176.000   30.000  177.000   30.000  178.000
   30.000  179.000   30.000 -179.500   30.000 -178.500   30.000 -177.500
   30.000 -176.500   30.000 -175.500   30.000 -174.500   30.000 -173.500
   30.000 -172.500   30.000 -171.500   30.000 -170.500   30.000 -169.500
   30.000 -168.500   30.000 -167.500   30.000 -166.500   30.000 -165.500
   30.000 -164.500   30.000 -163.500   30.000 -162.500   30.000 -161.500
   30.000 -160.750   30.000 -159.000   30.000 -158.000   30.000 -157.000
   30.000 -156.000   30.000 -155.000   30.000 -154.000   30.000 -153.000
   30.000 -152.000   30.000 -151.000   30.000 -150.000   30.000 -149.000
   30.000 -148.000   30.000 -147.000   30.000 -146.000   30.000 -145.000
   30.000 -144.000   30.000 -143.000   30.000 -142.000   30.000 -141.000
   30.000 -140.000   29.500 -140.000   29.000 -140.000   28.000 -140.000
   27.000 -140.000   26.000 -140.000   25.000 -140.000   24.000 -140.000
   23.000 -140.000   22.000 -140.000   21.000 -140.000   20.000 -140.000
   19.000 -140.000   18.000 -140.000   17.000 -140.000   16.000 -140.000
   15.000 -140.000   14.000 -140.000   13.000 -140.000   12.000 -140.000
   11.000 -140.000    9.500 -140.000    7.750 -140.000    5.500 -140.000
    4.500 -140.000    3.500 -140.000    2.000 -140.000    1.000 -140.000
    0.000 -140.000
