

 674                 89.999   25.869   20.000 -105.000   80.750   20.000
   79.750   20.000   79.000   20.000   78.500   20.000   77.500   20.000
   76.500   20.000   75.500   20.000   74.500   20.000   73.500   20.000
   72.500   20.000   71.500   20.000   70.500   20.000   69.500   20.000
   68.500   20.000   67.500   20.000   66.500   20.000   65.500   20.000
   64.500   20.000   63.500   20.000   62.500   20.000   61.500   20.000
   60.000   20.000   58.500   20.000   56.500   20.000   54.000   20.000
   52.750   20.000   51.500   20.000   50.500   20.000   49.500   20.000
   48.500   20.000   47.000   20.000   46.000   20.000   45.000   20.000
   43.000   20.000   41.000   20.000   39.500   20.000   37.000   20.000
   34.000   20.000   32.000   20.000   31.000   20.000   31.000   18.000
   31.000   16.000   31.000   14.000   31.000   12.000   31.000   10.000
   31.000    8.000   31.000    6.000   31.000    4.000   31.000    2.000
   31.000   -0.000   31.000   -2.000   31.000   -4.000   31.000   -6.000
   31.000   -8.000   31.000  -10.000   31.000  -12.000   31.000  -14.000
   31.000  -16.000   31.000  -18.000   31.000  -20.000   31.000  -22.000
   31.000  -24.000   31.000  -26.000   31.000  -28.000   31.000  -30.000
   31.000  -32.000   31.000  -34.000   31.000  -36.000   31.000  -38.000
   31.000  -40.000   31.000  -42.000   31.000  -44.000   31.000  -46.000
   31.000  -48.000   31.000  -50.000   31.000  -52.000   31.000  -54.000
   31.000  -56.000   31.000  -58.000   31.000  -60.000   31.000  -62.000
   31.000  -64.000   31.000  -66.000   31.000  -68.000   31.000  -69.992
   31.000  -71.992   31.000  -73.992   31.000  -75.992   31.000  -77.992
   31.000  -79.992   31.000  -81.411   30.700  -81.459   30.700  -81.550
   30.717  -81.617   30.733  -81.633   30.733  -81.650   30.733  -81.683
   30.750  -81.717   30.767  -81.733   30.767  -81.783   30.783  -81.800
   30.800  -81.883   30.817  -81.917   30.817  -81.967   30.783  -81.983
   30.783  -82.017   30.650  -82.050   30.567  -82.017   30.417  -82.050
   30.367  -82.050   30.367  -82.084   30.367  -82.200   30.433  -82.217
   30.483  -82.200   30.533  -82.250   30.567  -82.233   30.717  -84.867
   30.733  -84.867   30.750  -84.917   30.883  -84.934   31.000  -85.000
   31.006  -87.603   30.266  -87.580   30.336  -88.470   30.405  -88.874
   30.226  -89.435   29.810  -89.325   29.088  -90.209   29.088  -90.874
   29.579  -92.029   29.550  -92.364   29.608  -92.717   29.775  -93.241
   29.706  -93.884   29.446  -94.682   28.989  -95.236   28.643  -96.080
   28.337  -96.692   28.036  -97.056   27.649  -97.293   27.164  -97.467
   26.690  -97.461   26.227  -97.322   25.962  -97.143   25.869  -97.420
   26.019  -97.617   26.031  -98.137   26.412  -99.090   26.852  -99.241
   27.077  -99.439   27.559  -99.476   27.677  -99.712   27.968  -99.921
   28.250 -100.257   29.240 -100.784   29.759 -101.448   29.886 -102.284
   29.740 -102.657   28.986 -103.093   28.995 -103.330   29.631 -104.475
   29.922 -104.675   30.249 -104.684   30.631 -104.920   30.669 -105.000
   31.880 -105.000   33.242 -105.000   34.567 -105.000   35.810 -105.000
   36.882 -105.000   38.210 -105.000   39.648 -105.000   41.067 -105.000
   42.502 -105.000   44.294 -105.000   45.828 -105.000   47.411 -105.000
   49.285 -105.000   51.761 -105.000   53.635 -105.000   55.523 -105.000
   57.397 -105.000   59.360 -105.000   61.018 -105.000   62.528 -105.000
   63.914 -105.000   65.493 -105.000   67.259 -105.000   68.968 -105.000
   70.211 -105.000   71.522 -105.000   73.931 -105.000   75.592 -105.000
   76.893 -105.000   78.928 -105.000   80.636 -105.000   82.000 -105.000
   84.000 -105.000   86.000 -105.000   88.000 -105.000   89.999 -105.000
   89.999 -104.500   89.999 -103.500   89.999 -102.500   89.999 -101.500
   89.999 -100.500   89.999  -99.500   89.999  -98.500   89.999  -97.500
   89.999  -96.500   89.999  -95.500   89.999  -94.500   89.999  -93.500
   89.999  -92.500   89.999  -91.500   89.999  -90.500   89.999  -89.500
   89.999  -88.500   89.999  -87.500   89.999  -86.500   89.999  -85.500
   89.999  -84.500   89.999  -83.500   89.999  -82.500   89.999  -81.500
   89.999  -80.500   89.999  -79.500   89.999  -78.500   89.999  -77.500
   89.999  -76.500   89.999  -75.500   89.999  -74.500   89.999  -73.500
   89.999  -72.500   89.999  -71.500   89.999  -70.500   89.999  -69.500
   89.999  -68.500   89.999  -67.500   89.999  -66.500   89.999  -65.500
   89.999  -64.500   89.999  -63.500   89.999  -62.500   89.999  -61.500
   89.999  -60.500   89.999  -59.500   89.999  -58.500   89.999  -57.500
   89.999  -56.500   89.999  -55.500   89.999  -54.500   89.999  -53.500
   89.999  -52.500   89.999  -51.500   89.999  -50.500   89.999  -49.500
   89.999  -48.500   89.999  -47.500   89.999  -46.500   89.999  -45.500
   89.999  -44.500   89.999  -43.500   89.999  -42.500   89.999  -41.500
   89.999  -40.500   89.999  -39.500   89.999  -38.500   89.999  -37.500
   89.999  -36.500   89.999  -35.500   89.999  -34.500   89.999  -33.500
   89.999  -32.500   89.999  -31.500   89.999  -30.500   89.999  -29.500
   89.999  -28.500   89.999  -27.500   89.999  -26.500   89.999  -25.500
   89.999  -24.500   89.999  -23.500   89.999  -22.500   89.999  -21.500
   89.999  -20.500   89.999  -19.500   89.999  -18.500   89.999  -17.500
   89.999  -16.500   89.999  -15.500   89.999  -14.500   89.999  -13.500
   89.999  -12.500   89.999  -11.500   89.999  -10.500   89.999   -9.500
   89.999   -8.500   89.999   -7.500   89.999   -6.500   89.999   -5.500
   89.999   -4.500   89.999   -3.500   89.999   -2.500   89.999   -1.500
   89.999   -0.500   89.999    0.000   89.999    1.000   89.999    1.750
   89.999    2.750   89.999    3.750   89.999    4.750   89.999    5.750
   89.999    6.750   89.999    7.750   89.999    8.750   89.999    9.750
   89.999   10.750   89.999   11.750   89.999   12.750   89.999   13.750
   89.999   14.750   89.999   15.750   89.999   16.750   89.999   17.750
   89.999   18.750   89.999   20.000   89.000   20.000   88.750   20.000
   87.750   20.000   86.750   20.000   85.750   20.000   84.750   20.000
   83.750   20.000   82.750   20.000   81.750   20.000   80.750   20.000
