

 206                 89.999   30.000  180.000  130.000   30.000  180.000
   30.000  179.500   30.000  178.500   30.000  177.500   30.000  176.500
   30.000  175.500   30.000  174.500   30.000  173.500   30.000  172.500
   30.000  171.500   30.000  170.500   30.000  169.500   30.000  168.500
   30.000  167.500   30.000  166.500   30.000  165.500   30.000  164.500
   30.000  163.500   30.000  162.500   30.000  161.500   30.000  160.500
   30.000  159.500   30.000  158.500   30.000  157.500   30.000  155.500
   30.000  154.500   30.000  153.500   30.000  152.500   30.000  151.500
   30.000  150.500   30.000  149.500   30.000  148.500   30.000  147.500
   30.000  146.500   30.000  145.500   30.000  144.500   30.000  143.500
   30.000  142.500   30.000  141.500   30.000  140.500   30.000  139.500
   30.000  138.500   30.000  137.500   30.000  136.500   30.000  135.500
   30.000  134.500   30.000  133.500   30.000  132.500   30.000  131.500
   30.000  130.500   30.000  130.000   30.500  130.000   32.500  130.000
   34.000  130.000   37.000  130.000   39.500  130.000   41.500  130.000
   43.500  130.000   45.500  130.000   46.440  130.000   47.500  130.000
   48.500  130.000   49.500  130.000   50.500  130.000   51.750  130.000
   53.000  130.000   54.500  130.000   56.750  130.000   58.750  130.000
   60.000  130.000   61.500  130.000   62.500  130.000   63.500  130.000
   64.500  130.000   65.500  130.000   66.500  130.000   67.500  130.000
   68.500  130.000   69.500  130.000   70.500  130.000   71.500  130.000
   72.500  130.000   73.500  130.000   74.500  130.000   75.500  130.000
   76.500  130.000   77.500  130.000   78.500  130.000   79.000  130.000
   80.000  130.000   81.000  130.000   82.000  130.000   83.000  130.000
   84.000  130.000   85.000  130.000   86.000  130.000   87.000  130.000
   88.000  130.000   89.000  130.000   89.500  130.000   89.999  131.000
   89.999  180.000   30.000  180.000
 248                 89.999   29.995 -105.000 -180.000   89.999 -180.000
   89.999 -105.000   89.000 -105.000   88.000 -105.000   87.000 -105.000
   86.000 -105.000   85.000 -105.000   84.000 -105.000   83.000 -105.000
   82.000 -105.000   81.000 -105.000   80.296 -105.000   79.136 -105.000
   77.728 -105.000   76.246 -105.000   74.374 -105.000   72.351 -105.000
   69.995 -105.000   67.480 -105.000   65.529 -105.000   64.250 -105.000
   62.901 -105.000   61.587 -105.000   60.263 -105.000   58.795 -105.000
   57.219 -105.000   56.135 -105.000   54.614 -105.000   53.199 -105.000
   52.136 -105.000   50.651 -105.000   49.115 -105.000   47.832 -105.000
   46.585 -105.000   45.073 -105.000   43.482 -105.000   42.079 -105.000
   40.356 -105.000   38.632 -105.000   36.914 -105.000   35.294 -105.000
   33.728 -105.000   32.161 -105.000   30.688 -105.010   30.804 -105.284
   31.386 -105.938   31.458 -106.156   31.783 -106.517   31.786 -106.547
   31.783 -108.200   31.333 -108.200   31.333 -109.050   31.333 -111.050
   32.504 -114.810   32.722 -114.719   32.522 -117.137   31.222 -116.464
   29.995 -115.773   30.000 -116.500   30.000 -117.500   30.000 -118.500
   30.000 -119.500   30.000 -120.500   30.000 -121.500   30.000 -122.500
   30.000 -123.500   30.000 -124.500   30.000 -125.500   30.000 -126.500
   30.000 -127.500   30.000 -128.500   30.000 -129.500   30.000 -130.500
   30.000 -131.500   30.000 -132.500   30.000 -133.500   30.000 -134.500
   30.000 -135.500   30.000 -136.500   30.000 -137.500   30.000 -138.500
   30.000 -139.500   30.000 -140.500   30.000 -141.500   30.000 -142.500
   30.000 -143.500   30.000 -144.500   30.000 -145.500   30.000 -146.500
   30.000 -147.500   30.000 -148.500   30.000 -149.500   30.000 -150.500
   30.000 -151.500   30.000 -152.500   30.000 -153.500   30.000 -154.500
   30.000 -155.500   30.000 -156.500   30.000 -157.500   30.000 -158.500
   30.000 -159.500   30.000 -160.500   30.000 -161.500   30.000 -162.500
   30.000 -163.500   30.000 -164.500   30.000 -165.500   30.000 -166.500
   30.000 -167.500   30.000 -168.500   30.000 -169.500   30.000 -170.500
   30.000 -171.500   30.000 -172.500   30.000 -173.500   30.000 -174.500
   30.000 -175.500   30.000 -176.500   30.000 -177.500   30.000 -178.500
   30.000 -179.500   30.000 -180.000   89.999 -180.000
