B00000 Alaska                            6134 -14563   1
ID=AK
  22                 51.380   71.306 -177.658 -130.290   55.501 -140.777
   54.358 -133.971   55.217 -130.290   59.081 -134.398   58.966 -136.993
   60.464 -140.889   69.612 -140.980   70.068 -143.408   71.306 -156.664
   68.813 -165.971   51.380 -177.658
B00000 United_States                     3851  -8863   1
ID=US
 284                 24.514   49.416 -124.706  -67.020   40.478  -73.108
   41.018  -71.798   41.181  -70.088   42.031  -70.022   42.131  -70.309
   42.665  -70.615   43.510  -70.193   44.043  -68.489   44.738  -67.020
   45.207  -67.177   45.570  -67.368   45.806  -67.731   47.144  -67.781
   47.315  -68.307   47.172  -68.889   47.418  -69.193   46.392  -70.118
   45.332  -70.831   45.312  -71.375   45.026  -71.915   44.981  -75.052
   44.901  -75.180   44.166  -76.319   43.853  -76.299   43.523  -76.396
   43.293  -77.147   43.322  -77.751   43.366  -78.951   42.927  -78.900
   42.573  -79.078   41.942  -80.598   41.828  -81.196   41.514  -81.971
   41.576  -82.778   42.060  -83.127   42.307  -83.028   42.668  -82.558
   42.992  -82.423   43.860  -82.602   44.080  -82.964   44.106  -83.145
   44.270  -83.261   44.408  -83.282   44.750  -83.251   45.014  -83.214
   45.503  -83.641   45.740  -83.646   45.925  -83.522   46.485  -84.084
   46.797  -85.277   46.543  -86.464   46.586  -87.567   46.908  -88.132
   47.472  -87.787   46.788  -89.848   47.097  -90.432   47.597  -90.605
   47.992  -89.525   48.212  -90.770   48.153  -91.637   48.382  -92.342
   48.559  -93.010   48.638  -93.894   48.912  -94.544   49.416  -95.024
   48.987  -95.963   49.002 -101.466   49.022 -106.514   49.005 -110.879
   48.993 -113.983   48.979 -118.091   48.992 -122.663   48.524 -123.200
   48.214 -123.402   48.328 -124.706   46.149 -123.827   42.674 -124.506
   41.541 -124.132   39.080 -123.989   33.871 -120.100   32.593 -117.252
   32.530 -114.862   31.285 -111.071   31.309 -108.913   31.573 -107.730
   31.748 -106.532   30.203 -104.692   29.530 -104.504   28.974 -103.216
   29.723 -102.610   29.663 -101.300   28.262 -100.268   27.999 -100.007
   27.803  -99.883   27.619  -99.600   27.502  -99.516   27.390  -99.461
   27.307  -99.523   27.051  -99.459   27.007  -99.398   26.544  -99.173
   26.399  -99.081   26.255  -98.683   26.003  -98.136   25.975  -97.598
   25.786  -97.373   25.987  -97.162   27.350  -97.321   28.852  -95.372
   29.707  -93.701   29.432  -92.358   29.022  -90.904   28.976  -89.166
   30.155  -87.847   30.197  -86.099   29.537  -85.100   30.008  -83.916
   29.331  -83.294   28.811  -82.735   27.796  -82.831   26.418  -82.128
   25.849  -81.728   25.418  -81.237   24.514  -81.838   24.764  -80.600
   26.711  -79.918   28.513  -80.528   30.180  -81.348   31.750  -80.992
   32.564  -80.012   33.002  -79.290   33.697  -78.806   33.844  -77.953
   34.484  -77.345   34.607  -76.502   34.975  -76.018   35.260  -75.438
   36.260  -75.658   36.992  -75.824   38.266  -75.069   38.957  -74.805
   39.593  -74.114
