B00000 VAAC_BUENOSAIRES                 -3566  -4166   1
<AREA>VAAC_BUENOSAIRES
  12                -90.000   -7.000  -90.005  -10.000   -7.001  -10.000
   -7.000  -20.000  -10.000  -29.995   -9.997  -90.005  -90.000  -90.003
  -89.999  -10.000
B00000 VAAC_ANCHORAGE                    4833  -17087   1
<AREA>VAAC_ANCHORAGE
  100                46.000   90.000 -180.000  180.000   60.300 -141.00
   60.300 -139.210   60.020 -139.210   58.920 -137.560   59.160 -136.820
   59.540 -136.410   59.800 -135.500   58.870 -134.450   58.750 -133.900   
   56.600 -131.940   56.030 -130.000   55.050 -130.110   54.640 -130.650
   54.103 -135.875   52.413 -134.721   51.000 -133.750   48.302 -127.994  
   48.333 -129.000   48.333 -131.000   48.333 -132.000   48.333 -133.000  
   48.333 -134.000   48.333 -135.000   48.333 -136.000   48.333 -137.000  
   48.333 -138.000   48.333 -139.000   48.333 -140.000   48.333 -141.000   
   48.333 -142.000   48.333 -143.000   48.333 -144.000   48.335 -145.481  
   48.344 -146.688   48.386 -149.877   48.490 -160.057   47.739 -173.191   
   45.816  174.942   43.000  165.000   46.000  163.000   50.000  159.000   
   54.000  168.500   60.000  178.070   60.000  170.000   60.000  150.000   
   90.000  150.000   90.000 -141.000   66.384 -140.974   60.286 -140.935   
   60.300 -140.997 
B00000 VAAC_DARWIN                      -1161  10069   1
<AREA>VAAC_DARWIN
  26                -89.999   20.004   74.999  160.000  -89.999   75.004
  -60.007   75.001   -5.998   74.999   -2.498   76.990    7.496   77.002
    9.998   80.002   20.001   80.002   20.004   90.003   20.004  100.002
   10.004  100.003    9.997  159.999    0.001  160.000  -89.996  160.000
B00000 VAAC_LONDON                       6489    962   1
<AREA>VAAC_LONDON
  64                 45.000   90.000  -30.000   60.000   45.000  -11.593
   45.000   -8.000   49.500   -8.000   50.000   -2.000   50.000    0.000
   51.200    2.000   51.600    2.000   51.600    2.200   52.000    2.200
   55.000    5.000   57.000    5.000   60.000    0.000   63.000    0.000
   63.000    4.000   65.700    7.000   70.000   15.000   71.330   25.000
   71.330   28.000   71.000   30.000   71.000   40.000   71.000   60.000
   80.000   60.000   90.000   60.000   90.000   30.000   90.000   30.000
   82.000   30.000   82.000    0.000   73.000    0.000   73.000  -20.000
   70.000  -20.000   66.406  -29.938   45.000  -30.000
B00000 VAAC_TOKYO                        3485  13990   1
<AREA>VAAC_TOKYO
  30                  9.999   60.000   90.001  178.070   60.000  150.000
   60.000  178.070   54.000  168.500   50.000  159.000   46.000  163.000
   43.000  165.000   25.001  165.000   24.999  154.994   19.953  155.020
   19.957  129.950    9.999  129.999   10.004  100.003   20.004  100.000
   20.004   90.001   59.938   90.071
B00000 VAAC_TOULOUSE                     3654   1578   1
<AREA>VAAC_TOULOUSE
  84                -60.007   71.330  -40.005   90.085   -7.001  -10.000
   -7.000  -20.000    3.998  -29.996    6.998  -35.001   12.500  -37.500
   16.964  -37.483   22.203  -40.001   29.964  -39.983   45.003  -40.005
   45.000  -29.608   45.000  -11.593   45.000   -8.000   49.500   -8.000
   50.000   -2.000   50.000   -0.000   51.200    2.000   51.600    2.000
   51.600    2.200   52.000    2.200   55.000    5.000   57.000    5.000
   60.000   -0.000   63.000   -0.000   63.000    4.000   65.700    7.000
   70.000   15.000   71.330   25.000   71.330   28.000   71.000   30.000
   71.000   40.000   71.000   60.000   71.006   60.727   70.967   90.085
   59.938   90.071   20.004   90.000   20.001   80.001   10.002   80.002
    7.497   77.001   -2.498   76.989   -5.998   74.998  -60.007   74.997
  -59.996  -10.003
B00000 VAAC_WASHINGTON                   3871  -4918   1
<AREA>VAAC_WASHINGTON
 194                -10.005   56.672 -180.000  180.000   -0.203 -139.989
  -10.005 -139.999  -10.001  -29.995   -7.000  -20.000    3.992  -30.000
    6.999  -35.000   12.500  -37.500   16.964  -37.484   22.203  -40.002
   29.964  -39.984   45.003  -40.001   44.946  -58.120   43.985  -60.075
   42.970  -64.826   42.970  -67.038   44.782  -66.954   45.112  -67.144
   45.152  -67.274   45.102  -67.364   45.252  -67.474   45.352  -67.414
   45.552  -67.424   45.612  -67.764   47.022  -67.764   47.342  -68.324
   47.142  -68.894   47.242  -69.054   47.362  -69.054   47.442  -69.214
   46.612  -69.994   46.392  -70.034   46.292  -70.274   45.832  -70.314
   45.312  -70.864   45.272  -71.324   44.972  -71.494   44.972  -74.864
   44.682  -75.534   43.622  -76.794   43.562  -78.794   43.462  -79.174
   42.752  -78.874   41.622  -82.494   41.852  -83.134   42.292  -83.074
   42.352  -82.954   42.492  -82.594   43.922  -82.014   45.432  -82.774
   45.872  -83.904   46.452  -84.164   46.472  -84.624   46.962  -84.944
   48.292  -88.464   47.962  -89.554   48.202  -90.964   48.022  -91.564
   48.632  -93.374   48.812  -94.704   48.972  -94.994   48.972 -114.994
   48.972 -123.154   48.252 -123.304   48.502 -125.034   48.302 -127.994
   48.333 -129.000   48.333 -130.000   48.333 -131.000   48.333 -132.000
   48.333 -133.000   48.333 -134.000   48.333 -135.000   48.333 -136.000
   48.333 -137.000   48.333 -138.000   48.333 -139.000   48.333 -140.000
   48.333 -141.000   48.333 -142.000   48.333 -143.000   48.333 -144.000
   48.335 -145.481   48.344 -146.688   48.386 -149.877   48.490 -160.057
   47.739 -173.191   45.816  174.942   43.000  165.000   25.001  164.999   
   25.000  155.000   20.000  154.999   20.000  130.000    9.999  129.999
   10.002  159.999    0.001  160.002   -0.032  173.064   -0.000 -140.000
B00000 VAAC_MONTREAL                     5280  -8081   1
<AREA>VAAC_MONTREAL
 164                 41.650   90.000 -141.000   30.000   90.000   30.000
   82.000   30.000   82.000    0.000   73.000    0.000   73.000  -20.000
   70.000  -20.000   66.406  -29.938   45.000  -30.000   45.028  -58.123
   44.013  -60.081   42.997  -64.832   42.997  -67.044   44.810  -66.960
   45.140  -67.150   45.180  -67.280   45.130  -67.370   45.280  -67.480
   45.380  -67.420   45.580  -67.430   45.640  -67.770   47.050  -67.770
   47.370  -68.330   47.170  -68.900   47.270  -69.060   47.390  -69.060
   47.470  -69.220   46.640  -70.000   46.420  -70.040   46.320  -70.280
   45.860  -70.320   45.340  -70.870   45.300  -71.330   45.000  -71.500
   45.000  -74.870   44.710  -75.540   43.650  -76.800   43.590  -78.800
   43.490  -79.180   42.780  -78.880   41.650  -82.500   41.880  -83.140
   42.320  -83.080   42.380  -82.960   42.520  -82.600   43.950  -82.020
   45.460  -82.780   45.900  -83.910   46.480  -84.170   46.500  -84.630
   46.990  -84.950   48.320  -88.470   47.990  -89.560   48.230  -90.970
   48.050  -91.570   48.660  -93.380   48.840  -94.710   49.000  -95.000
   49.000 -115.000   49.000 -123.160   48.280 -123.310   48.530 -125.040
   48.330 -128.000   51.000 -133.750   52.413 -134.721   54.103 -135.875
   54.640 -130.650   55.050 -130.110   56.030 -130.000   56.600 -131.940
   58.750 -133.900   58.870 -134.450   59.800 -135.500   59.540 -136.410
   59.160 -136.820   58.920 -137.560   60.020 -139.210   60.300 -139.210
   60.300 -141.000   90.000 -141.000   90.000   10.000   90.000   30.000
   90.000   10.000
B00000 VAAC_WELLINGTON                  -3990   1013   1
<AREA>VAAC_WELLINGTON
  48                -89.967   -0.044 -180.000  180.000   -0.335 -140.091
   -2.673 -140.149  -26.152 -140.084  -27.195 -139.933  -57.195 -139.933
  -59.284 -140.058  -81.494 -139.996  -89.760 -140.021  -89.768 -160.669
  -89.967  178.830  -89.923  160.138  -89.720  160.124  -81.454  160.149
  -59.244  160.087  -57.155  160.212  -27.155  160.212  -26.112  160.061
   -2.633  159.996   -0.295  160.054   -0.044  160.064   -0.048  173.121
   -0.048 -146.878   -0.048 -141.996   -0.048 -139.935
