!
! Center  Gridid  Grid_compatibility Proj Nlon Nlat Scol Srow
!ID      # PRJ  A1   A2  A3     LLT      LLN     ULT      ULN  KX  KY SCOL  SROW
7  21   21 CED   0    0   0   -90.0      0.0    90.0      0.0  73  73    1    37
7  22   21 CED   0    0   0   -90.0      0.0    90.0      0.0  73  73   37    37
7  23   21 CED   0    0   0   -90.0      0.0    90.0      0.0  73  73    1     1
7  24   21 CED   0    0   0   -90.0      0.0    90.0      0.0  73  73   37     1
7  25   25 CED   0    0   0   -90.0      0.0    90.0    355.0  72  37    1    19 
7  26   25 CED   0    0   0   -90.0      0.0    90.0    355.0  72  37    1     1
7  37   37 CED   0    0   0   -90.0    -30.0    90.0    -30.0 289 145    1    73 
7  38   37 CED   0    0   0   -90.0    -30.0    90.0    -30.0 289 145   73    73 
7  39   37 CED   0    0   0   -90.0    -30.0    90.0    -30.0 289 145  145    73 
7  40   37 CED   0    0   0   -90.0    -30.0    90.0    -30.0 289 145  217    73 
7  41   37 CED   0    0   0   -90.0    -30.0    90.0    -30.0 289 145    1     1 
7  42   37 CED   0    0   0   -90.0    -30.0    90.0    -30.0 289 145   73     1 
7  43   37 CED   0    0   0   -90.0    -30.0    90.0    -30.0 289 145  145     1 
7  44   37 CED   0    0   0   -90.0    -30.0    90.0    -30.0 289 145  217     1 
7  61   61 CED   0    0   0   -90.0      0.0    90.0      0.0 181  91    1    46
7  62   61 CED   0    0   0   -90.0      0.0    90.0      0.0 181  91   91    46
7  63   61 CED   0    0   0   -90.0      0.0    90.0      0.0 181  91    1     1
7  64   61 CED   0    0   0   -90.0      0.0    90.0      0.0 181  91   91     1
34 37   37 CED   0    0   0   -90.0    -30.0    90.0    -30.0 289 145    1    73 
34 38   37 CED   0    0   0   -90.0    -30.0    90.0    -30.0 289 145   73    73 
34 39   37 CED   0    0   0   -90.0    -30.0    90.0    -30.0 289 145  145    73 
34 40   37 CED   0    0   0   -90.0    -30.0    90.0    -30.0 289 145  217    73 
34 41   37 CED   0    0   0   -90.0    -30.0    90.0    -30.0 289 145    1     1 
34 42   37 CED   0    0   0   -90.0    -30.0    90.0    -30.0 289 145   73     1 
34 43   37 CED   0    0   0   -90.0    -30.0    90.0    -30.0 289 145  145     1 
34 44   37 CED   0    0   0   -90.0    -30.0    90.0    -30.0 289 145  217     1 
74 37   37 CED   0    0   0   -90.0    -30.0    90.0    -30.0 289 145    1    73 
74 38   37 CED   0    0   0   -90.0    -30.0    90.0    -30.0 289 145   73    73 
74 39   37 CED   0    0   0   -90.0    -30.0    90.0    -30.0 289 145  145    73 
74 40   37 CED   0    0   0   -90.0    -30.0    90.0    -30.0 289 145  217    73 
74 41   37 CED   0    0   0   -90.0    -30.0    90.0    -30.0 289 145    1     1 
74 42   37 CED   0    0   0   -90.0    -30.0    90.0    -30.0 289 145   73     1 
74 43   37 CED   0    0   0   -90.0    -30.0    90.0    -30.0 289 145  145     1 
74 44   37 CED   0    0   0   -90.0    -30.0    90.0    -30.0 289 145  217     1 
98  1    1 CED   0    0   0   -90.0      0.0    90.0      0.0 145  73  109    37
98  2    1 CED   0    0   0   -90.0      0.0    90.0      0.0 145  73   73    37
98  3    1 CED   0    0   0   -90.0      0.0    90.0      0.0 145  73   37    37
98  4    1 CED   0    0   0   -90.0      0.0    90.0      0.0 145  73    1    37
98  9    1 CED   0    0   0   -90.0      0.0    90.0      0.0 145  73  109     1
98 10    1 CED   0    0   0   -90.0      0.0    90.0      0.0 145  73   73     1
98 11    1 CED   0    0   0   -90.0      0.0    90.0      0.0 145  73   37     1
98 12    1 CED   0    0   0   -90.0      0.0    90.0      0.0 145  73    1     1
98  5    5 CED   0    0   0   -35.0      0.0    35.0      0.0 145  29  109     1
98  6    5 CED   0    0   0   -35.0      0.0    35.0      0.0 145  29   73     1
98  7    5 CED   0    0   0   -35.0      0.0    35.0      0.0 145  29   37     1
98  8    5 CED   0    0   0   -35.0      0.0    35.0      0.0 145  29    1     1
