! WNDPRBP.TBL
!
! This table contains the wind speed forecast values  expressed as 
! probabilities.  These values were obtained from Mark Demaria for 
! 1987-1996.  The array being filled looks like:
!
!          prob( period, forecast, intensity [KT5+1], category )
!
! where:
!      period:     1 12H  2 24H  3 36H  4 48H  5 72H
!      forecast intensity: ranges from 1 - 32
!      category:
!        1(DIS) 2(TD) 3(TS) 4(HUR) 5(CAT1) 6(CAT2) 7(CAT3) 8(CAT4-5)
!      
! To locate a specific value of:  prob(i,j,k), use the formula:
!                   line no. =  ( i - 1 ) * 32 + j
! and the kth position in that line is the value. So for prob(3,17,4),
!  ( 3 - 1 ) * 32 + 17 = 81.  Go to the 81st row and to the 4th position
! is the location of the probability value. In this example, the 
! probability value is 74.
!
! Log:
! A. HardyGSC		401	Created
!-----------------------------------------------------------------------
!  1   2   3   4   5   6   7   8
!-----------------------------------------------------------------------
  -1  -1  -1  -1  -1  -1  -1  -1
  -1  -1  -1  -1  -1  -1  -1  -1
  -1  -1  -1  -1  -1  -1  -1  -1
  61  39   0   0   0   0   0   0
  27  71   2   0   0   0   0   0
  15  74  11   0   0   0   0   0
   7  59  34   0   0   0   0   0
   2  40  56   1   1   0   0   0
   1  19  79   2   2   0   0   0
   0   6  91   3   3   0   0   0
   0   3  89   8   8   0   0   0
   0   1  78  21  20   1   0   0
   0   1  58  41  39   2   0   0
   0   1  37  62  53   8   1   0
   0   1  21  79  62  14   3   0
   0   0   8  91  61  25   5   0
   0   1   6  94  61  25   8   0
   0   0   3  97  35  44  17   1
   0   0   2  99  19  47  32   1
   0   0   3  98  25  39  32   2
   0   0   1  99   5  29  60   6
   0   0   1  99   1  21  67  10
   0   0   0 100   1  12  65  22
   0   0   0 100   0   5  66  30
   0   0   0 100   0   0  52  48
   0   0   0 100   0   0  41  59
   0   0   0 100   0   0  22  78
   0   0   0 100   0   0   6  94
  -1  -1  -1  -1  -1  -1  -1  -1
  -1  -1  -1  -1  -1  -1  -1  -1
  -1  -1  -1  -1  -1  -1  -1  -1
  -1  -1  -1  -1  -1  -1  -1  -1
  -1  -1  -1  -1  -1  -1  -1  -1
  -1  -1  -1  -1  -1  -1  -1  -1
  -1  -1  -1  -1  -1  -1  -1  -1
  56  41   4   0   0   0   0   0
  41  54   4   0   0   0   0   0
  30  62   8   1   1   0   0   0
  19  57  23   1   0   0   0   0
   8  44  44   4   3   0   0   0
   4  24  65   7   6   1   1   0
   3  17  69  13  11   1   1   0
   1  10  69  20  17   2   1   0
   1   6  64  29  25   4   1   0
   1   3  55  41  31   7   3   0
   1   1  41  57  37  13   6   0
   1   2  27  71  42  18  10   1
   0   1  19  80  43  21  15   1
   1   1  16  83  48  21  13   1
   0   1  11  88  30  27  26   5
   0   2   5  93  23  32  31   7
   0   1   8  92  25  28  30   8
   0   1   1  99  15  28  42  14
   0   1   1  99  12  23  44  20
   0   0   0 100   6  16  50  28
   0   0   0 100   4  12  53  31
   0   0   0 100   1   9  59  31
   0   0   0 100   0   7  57  36
   0   0   0 100   0   6  47  47
   0   0   0 100   0   0  17  83
  -1  -1  -1  -1  -1  -1  -1  -1
  -1  -1  -1  -1  -1  -1  -1  -1
  -1  -1  -1  -1  -1  -1  -1  -1
  -1  -1  -1  -1  -1  -1  -1  -1
  -1  -1  -1  -1  -1  -1  -1  -1
  -1  -1  -1  -1  -1  -1  -1  -1
  -1  -1  -1  -1  -1  -1  -1  -1
  55  43   2   0   0   0   0   0
  43  52   5   0   0   0   0   0
  35  56   9   0   0   0   0   0
  26  55  17   1   1   0   0   0
  15  45  34   6   5   1   0   0
   9  31  46  14  10   3   1   0
   5  21  53  22  15   4   2   0
   3  16  53  28  19   5   3   0
   3  11  51  34  23   7   4   0
   3   9  47  41  26   8   6   1
   3   6  40  51  29  12  10   1
   2   4  32  62  32  14  13   3
   1   3  24  72  32  18  17   4
   2   2  22  74  37  18  14   6
   0   2  16  83  26  22  27   8
   0   1  12  87  24  20  32  11
   0   1  12  86  22  23  29  12
   1   1   4  95  17  22  37  20
   1   1   1  98  12  25  38  23
   0   0   1  99  13  19  47  21
   0   0   0 100   5  23  45  27
   0   0   0 100   9  23  40  28
   0   0   0 100   6  21  35  38
   0   0   0 100  10  10  38  43
  -1  -1  -1  -1  -1  -1  -1  -1
  -1  -1  -1  -1  -1  -1  -1  -1
  -1  -1  -1  -1  -1  -1  -1  -1
  -1  -1  -1  -1  -1  -1  -1  -1
  -1  -1  -1  -1  -1  -1  -1  -1
  -1  -1  -1  -1  -1  -1  -1  -1
  -1  -1  -1  -1  -1  -1  -1  -1
  -1  -1  -1  -1  -1  -1  -1  -1
  67  32   1   0   0   0   0   0
  52  43   5   0   0   0   0   0
  43  48   8   1   1   0   0   0
  35  48  14   2   2   1   0   0
  22  43  28   7   5   1   1   0
  16  33  39  12   8   3   2   0
   8  26  44  22  14   4   4   0
   7  21  42  30  17   6   6   1
   6  15  40  39  22   8   8   1
   6  12  38  45  23  10  10   2
   5  10  35  50  25  12  12   2
   3   7  31  58  24  14  16   4
   3   3  28  66  26  16  17   6
   4   3  28  66  24  16  18   8
   1   1  16  82  26  18  24  14
   0   2  12  87  22  20  29  16
   1   1  14  84  24  20  26  14
   2   1   9  88  17  24  34  13
   2   0   3  94  18  26  33  17
   0   1   4  95  15  31  32  17
   0   2   0  99  13  28  33  24
   0   4   0  96   0  18  54  25
   0   0   0 100   0   6  59  35
  -1  -1  -1  -1  -1  -1  -1  -1
  -1  -1  -1  -1  -1  -1  -1  -1
  -1  -1  -1  -1  -1  -1  -1  -1
  -1  -1  -1  -1  -1  -1  -1  -1
  -1  -1  -1  -1  -1  -1  -1  -1
  -1  -1  -1  -1  -1  -1  -1  -1
  -1  -1  -1  -1  -1  -1  -1  -1
  -1  -1  -1  -1  -1  -1  -1  -1
  -1  -1  -1  -1  -1  -1  -1  -1
  76  24   1   0   0   0   0   0
  69  26   5   0   0   0   0   0
  57  31   9   3   2   0   0   0
  50  35  11   4   3   1   0   0
  39  38  16   7   5   1   1   1
  32  37  21  11   8   2   1   1
  24  31  29  17   8   3   4   2
  16  29  32  24  11   4   6   3
  13  22  33  33  13   6   9   4
  12  18  31  39  17   9  10   4
  11  15  31  43  17   9  12   5
  10  12  30  49  20  11  14   5
   7   7  26  60  23  12  20   6
   9   7  28  54  25  12  16   3
   3   5  18  75  22  19  21  13
   2   4  18  76  21  19  21  16
   3   4  16  78  21  22  23  12
   4   2   8  85  19  33  26   7
   4   2   4  89  22  32  30   5
   0   7  14  79  17  14  45   3
   0   0  15  85  15  11  56   4
  -1  -1  -1  -1  -1  -1  -1  -1
  -1  -1  -1  -1  -1  -1  -1  -1
  -1  -1  -1  -1  -1  -1  -1  -1
  -1  -1  -1  -1  -1  -1  -1  -1
  -1  -1  -1  -1  -1  -1  -1  -1
  -1  -1  -1  -1  -1  -1  -1  -1
  -1  -1  -1  -1  -1  -1  -1  -1
  -1  -1  -1  -1  -1  -1  -1  -1
