! WNDPRBA.TBL
!
! This table contains the wind speed forecast values  expressed as 
! probabilities.  These values were obtained from Mark Demaria for 
! 1987-1996.  The array being filled looks like:
!
!       prob ( period, forecast intensity [KT5+1], category )
!
! where:
!      period:     1 12H  2 24H  3 36H  4 48H  5 72H
!      forecast intensity: ranges from 1 - 32
!      category:
!        1(DIS) 2(TD) 3(TS) 4(HUR) 5(CAT1) 6(CAT2) 7(CAT3) 8(CAT4-5)
!
! To locate a specific value of:  prob(i,j,k), use the formula:
!                 line no. =  ( i - 1 ) * 32 + j
! and the kth position in that line is the value. So for prob(3,17,4),
!  ( 3 - 1 ) * 32 + 17 = 81.  Go to the 81st row and to the 4th position
! is the location of the probability value. In this example, the 
! probability value is 71.
!      
! Log:
! A. HardyGSC		4/01	Created
! A. Hardy/NCEP         9/02    Changed line 136:  '56 -> 46'
!-----------------------------------------------------------------------
!  1   2   3   4   5   6   7   8
!-----------------------------------------------------------------------
  -1  -1  -1  -1  -1  -1  -1  -1
  -1  -1  -1  -1  -1  -1  -1  -1
  -1  -1  -1  -1  -1  -1  -1  -1
  -1  -1  -1  -1  -1  -1  -1  -1
  12  75  13   0   0   0   0   0
   6  61  33   0   0   0   0   0
   4  47  49   1   1   0   0   0
   3  33  62   2   2   0   0   0
   3  15  80   3   3   0   0   0
   3   4  88   5   5   0   0   0
   2   2  86  10  10   0   0   0
   2   2  75  22  22   0   0   0
   1   0  50  50  48   2   0   0
   1   0  31  68  63   6   0   0
   0   0  17  83  72  10   1   0
   0   0   8  92  70  20   3   0
   0   0   5  95  75  17   3   0
   0   0   2  98  42  44  11   1
   0   0   1  99  28  50  18   3
   0   0   2  98  35  41  20   3
   0   0   0 100  14  27  48  12
   0   0   0 100  11  22  54  13
   0   0   0 100   3  10  55  31
   0   0   0 100   1   6  45  48
   0   0   0 100   1   3  40  56
   0   0   0 100   2   3  29  66
  -1  -1  -1  -1  -1  -1  -1  -1
  -1  -1  -1  -1  -1  -1  -1  -1
  -1  -1  -1  -1  -1  -1  -1  -1
  -1  -1  -1  -1  -1  -1  -1  -1
  -1  -1  -1  -1  -1  -1  -1  -1
  -1  -1  -1  -1  -1  -1  -1  -1
  -1  -1  -1  -1  -1  -1  -1  -1
  -1  -1  -1  -1  -1  -1  -1  -1
  -1  -1  -1  -1  -1  -1  -1  -1
  21  74   5   0   0   0   0   0
  19  58  24   0   0   0   0   0
  14  50  35   1   1   0   0   0
  12  40  46   2   2   0   0   0
   8  31  55   6   6   0   0   0
   7  19  65   8   8   0   0   0
   6  13  69  13  13   0   0   0
   6   7  70  17  16   1   0   0
   3   4  64  29  28   2   0   0
   2   3  49  46  41   5   0   0
   1   1  35  62  53   8   2   0
   0   1  26  74  56  14   4   0
   0   0  16  84  57  19   8   0
   0   0  19  81  52  21   7   1
   0   0   7  93  44  32  14   4
   0   0   6  94  31  37  17   9
   0   0   6  94  38  32  17   6
   0   0   4  96  17  29  37  13
   0   0   4  96  16  22  47  12
   0   0   0 100  10  14  51  25
   0   0   0 100   5  11  41  43
   0   0   0 100   1   9  38  52
   0   0   0 100   0   6  32  62
   0   0   0 100   0   9  27  64
  -1  -1  -1  -1  -1  -1  -1  -1
  -1  -1  -1  -1  -1  -1  -1  -1
  -1  -1  -1  -1  -1  -1  -1  -1
  -1  -1  -1  -1  -1  -1  -1  -1
  -1  -1  -1  -1  -1  -1  -1  -1
  -1  -1  -1  -1  -1  -1  -1  -1
  -1  -1  -1  -1  -1  -1  -1  -1
  -1  -1  -1  -1  -1  -1  -1  -1
  45  49   6   0   0   0   0   0
  31  53  16   1   1   0   0   0
  23  42  34   2   2   0   0   0
  17  37  41   6   6   0   0   0
  14  27  50   9   9   0   0   0
  10  19  56  15  14   1   0   0
   9  13  60  18  16   2   0   0
   7  11  60  22  19   3   0   0
   6   8  52  34  29   4   1   0
   4   6  43  47  39   7   2   0
   3   4  36  57  44  10   3   0
   1   2  33  64  44  13   5   1
   1   1  24  74  43  21   8   2
   0   1  28  71  46  12  10   4
   0   0  10  90  39  28  17   6
   0   0   9  91  38  24  20   9
   0   0   8  92  37  28  19   8
   0   0   1  99  29  26  29  15
   0   0   0 100  23  25  33  20
   0   0   0 100  11  19  40  30
   0   0   1  99   5  14  38  42
   0   0   1  99   3  12  39  44
   0   0   2  98   2  13  32  52
   0   0   0 100   0  20  20  60
  -1  -1  -1  -1  -1  -1  -1  -1
  -1  -1  -1  -1  -1  -1  -1  -1
  -1  -1  -1  -1  -1  -1  -1  -1
  -1  -1  -1  -1  -1  -1  -1  -1
  -1  -1  -1  -1  -1  -1  -1  -1
  -1  -1  -1  -1  -1  -1  -1  -1
  -1  -1  -1  -1  -1  -1  -1  -1
  -1  -1  -1  -1  -1  -1  -1  -1
  54  33   8   4   4   0   0   0
  38  41  16   5   5   0   0   0
  27  34  32   7   7   0   0   0
  22  33  35  10  10   1   0   0
  15  25  46  14  12   2   0   0
  12  21  50  18  15   3   0   0
  10  15  56  20  15   4   1   0
   8  13  53  26  20   4   2   0
   7  10  49  34  25   5   3   0
   6   8  40  46  34   8   4   0
   6   5  37  52  35  11   5   1
   4   3  34  59  35  15   7   2
   1   3  28  68  35  18  11   4
   1   2  27  70  34  19  12   5
   0   1  13  86  40  22  17   8
   0   0   9  91  41  22  18  10
   0   1  10  89  39  21  18  11
   0   1   3  96  35  21  22  18
   0   2   2  96  36  17  22  22
   0   0   0 100  13  19  33  35
   0   0   0 100   8  21  31  40
   0   0   0 100   1  22  36  41
   0   0   0 100   0  25  31  44
   0   0   0 100   0  10  50  40
  -1  -1  -1  -1  -1  -1  -1  -1
  -1  -1  -1  -1  -1  -1  -1  -1
  -1  -1  -1  -1  -1  -1  -1  -1
  -1  -1  -1  -1  -1  -1  -1  -1
  -1  -1  -1  -1  -1  -1  -1  -1
  -1  -1  -1  -1  -1  -1  -1  -1
  -1  -1  -1  -1  -1  -1  -1  -1
  -1  -1  -1  -1  -1  -1  -1  -1
  58  16  11  16  16   0   0   0
  30  48  11  11  11   1   0   0
  30  32  26  13  11   1   1   1
  29  30  29  12  10   1   1   1
  24  24  37  16  11   3   1   1
  20  21  41  18  13   4   1   0
  16  19  44  20  15   5   1   0
  17  15  45  24  17   5   1   1
  13  14  42  31  20   6   3   2
  11  11  40  38  23   7   6   3
   9   9  39  43  26   8   6   3
   6   4  36  54  29  11  10   4
   3   2  29  66  34  14  14   5
   4   2  28  66  29  15  15   7
   0   3  23  74  37  16  13   9
   0   4  25  71  33  16   9  14
   0   2  20  78  34  16  15  13
   0   0  10  90  26  17  24  23
   0   0   4  96  32  20  28  16
   0   2   3  95  18  21  32  24
   0   1   2  97  16  25  26  29
   0   1   1  98  10  25  31  32
   0   0   0 100  13  29  32  26
  -1  -1  -1  -1  -1  -1  -1  -1
  -1  -1  -1  -1  -1  -1  -1  -1
  -1  -1  -1  -1  -1  -1  -1  -1
  -1  -1  -1  -1  -1  -1  -1  -1
  -1  -1  -1  -1  -1  -1  -1  -1
  -1  -1  -1  -1  -1  -1  -1  -1
