 HH   STN  CLDL  CLDM  CLDH VSBY  WTHR  PMSL  TMP DWP DDSS GST ALT  PTND PCPN SN
 981110/                                         
 12   4BL     C             40.0       1019.7  25  16 34 5           1.4 0.25   
 12   ABI     C             10.0       1015.0  49  26 3310    30.02  3.5 0.10   
 12   ABQ   40S             10.0       1019.6  27  21 21 6    30.11  2.2 0.14   
 12   ACK     C             10.0       1029.4  32  31  1 3    30.44  1.2        
 12   ACT         80O       10.0       1013.4  59  46 30 8    29.94  3.2 0.23   
 12   ACV   60O             15.0    R- 1015.2  50  40 11 6    29.98 -0.3 0.02   
 12   AGS                    0.0     F 1022.8  59  59 13 5    30.21 -0.1 0.10   
 12   ALB     C              7.0       1031.0  28  28  0 0    30.44  0.6        
 12   AMA     C             10.0       1014.1  29  25 23 8    29.94  1.8 0.06   
 12   ANJ                                                                       
 12   AST   48B   70O       10.0    R- 1012.3  45  43 12 5    29.89 -1.3 0.31   
 12   ATL   37O              4.0    GF 1020.7  59  58 15 5    30.15  0.7 0.16   
 12   AUW   12O              5.0    R-  991.2  42  40  918 25 29.25 -8.0 0.73   
 12   AVP     C             10.0       1026.7  42  35    5    30.31  0.4        
 12   BDL     C              7.0       1031.4  24  22  4 3    30.45  1.2        
 12   BFL     C              9.0       1022.2  44  39  8 6    30.19 -0.6        
 12   BHM   23O             10.0       1016.3  66  61 1710 21 30.03  0.6        
 12   BIL         95B       10.0       1015.1  26  18 2711    29.87 -0.9 0.02   
 12   BIS   41O              2.0    S- 1000.0  31  29 34 9    29.48 -1.9 0.66   
 12   BNA         85O       10.0       1010.1  67  57 1621 31 29.84 -1.4        
 12   BNO        120S       10.0       1018.5  21  19 26 4    30.00 -1.1        
 12   BOI     C             10.0       1019.8  32  28 13 8    30.08 -0.6        
 12   BOS              250S  7.0       1031.3  33  33 35 5    30.46  1.1        
 12   BRO   20O              8.0       1009.4  77  73 1914    29.81  1.0        
 12   BTV         80O       10.0       1029.6  35  30  0 0    30.39  1.1        
 12   BUF         90O        9.0    R- 1018.7  44  37 1310    30.07 -2.7        
 12   CDC     C             10.0       1025.0   7   1  0 0    30.12 -0.1 0.20   
 12   CGI                                                                       
 12   CHA   22O              8.0       1018.6  64  59 16 7    30.09  0.7 0.10   
 12   CHS   55O              2.5    GF 1023.9  64  63  0 0    30.24  0.6 0.05   
 12   CLE   40B   85O        7.0       1013.0  48  47 1813    29.91 -3.1 0.37   
 12   CLT                    0.0     F 1023.8  56  56 17 4    30.24  0.4        
 12   CMH   50O              8.0       1012.0  56  54 1610    29.88 -1.4 0.26   
 12   CNK   36S             10.0       1001.3  32  27 2721 27 29.56  5.4 0.52   
 12   CPR     C             10.0       1015.1  18  12 2416    29.84  0.9        
 12   CRP   23O              7.0       1011.4  74  71 3215    29.87  3.1        
 12   CTB         70O       10.0       1014.1  27  19 2517    29.81 -1.0       6
 12   CVG   60S        250B  8.0       1008.3  62  57 1817 24 29.78 -2.5 0.11   
 12   CYS     C             10.0       1011.5  20   9 3024 41 29.72  1.0        
 12   DCA   40O              7.0       1026.3  48  45  0 0    30.31 -0.6        
 12   DDC     C             10.0       1011.0  30  22 2918 23 29.82  3.4 0.14   
 12   DEN   30S        250S 10.0       1010.2  25  12 2613    29.76  1.6 0.03   
 12   DLH   18O              4.0    R-  991.4  35  35  927 37 29.23 -8.5 0.94   
 12   DSM   33O              6.0    R-  981.5  40  37 2227 41 28.98  0.2 0.84   
 12   DTW    4O              4.0    GF 1008.8  48  47 1611    29.78 -4.2 0.16   
 12   EKN        100B        7.0       1021.6  50  48 17 9    30.13  0.1 0.05   
 12   ELP                                                                       
 12   ELY     C             10.0       1023.9  11   7 17 9    30.12 -0.1        
 12   ESC                    6.0               45  41 1129 36 29.48             
 12   EVV   33S   95O       10.0       1002.3  68  60 1718 28 29.61 -3.8 0.24   
 12   EYW   55B             10.0       1020.0  76  68 1116 19 30.12  0.9        
 12   FAR    3O              1.3    S-  991.0  33  32  218    29.24 -6.9 0.23   
 12   FAT        120S        7.0       1022.2  45  41 10 5    30.19 -1.5        
 12   FMY     C              3.0    GF 1021.7  65  65 10 4    30.17  0.8        
 12   FSM        110B       10.0               51  41 2924 31            0.44   
 12   FTW        120O       10.0       1013.3  54  39 3117 24 29.94  5.4 0.43   
 12   FWA   31O              7.0       1004.1  59  56 1620 24 29.65 -4.4 0.50   
 12   GEG    3S              6.0    GF 1016.8  30  28  0 0    29.97 -1.3        
 12   GJT         80B       10.0       1019.7  25  20  0 0    30.06  1.3        
 12   GLD     C             10.0       1010.1  23  17 2816    29.76  1.8 0.02   
 12   GRR    3O              3.0  TRW- 1000.5  48  47 1315    29.54 -6.2 0.92   
 12   HLN   55O              8.0       1020.9  17  15  0 0    29.94 -0.8        
 12   HON    2O              0.3     S  989.4  32  30 3420    29.19 -2.6 0.55   
 12   HSE     C              4.0    GF 1026.2  59  56  4 5    30.31  0.9        
 12   HTS     C              8.0       1014.6  51  50 12 5    29.96 -0.9 0.18   
 12   HUL                                                                       
 12   IAH   50B   70O        7.0    R- 1012.6  74  70 27 8    29.91  3.6 0.01   
 12   ICT     C             10.0       1007.2  36  26 2818    29.74  4.4 0.42   
 12   ILM   44B              2.5    GF 1025.5  52  51  0 0    30.29  0.9 0.02   
 12   IND   34B   90B       10.0       1001.8  65  58 1725 36 29.59 -3.6 0.32   
 12   INL   11O              2.0    S-  998.2  33  32  612 19 29.44 -6.5 0.03   
 12   INW     C             10.0       1023.3  21  18 22 5    30.18  0.9        
 12   IRK   34O             10.0        991.2  45  37 2235 43 29.26  1.2 0.68   
 12   JAN   24B             10.0       1010.8  74  68 1712 20 29.86 -0.6 0.01   
 12   JAX   32S             10.0       1023.2  59  58  0 0    30.22  0.4        
 12   JCT     C             10.0       1015.9  54  29    6    30.04  3.1 0.06   
 12   LAS     C             10.0       1021.7  38  19 26 3    30.17  0.5        
 12   LAX                                                                       
 12   LBF     C             10.0       1005.1  24  16 3028 31 29.61  1.9 0.09   
 12   LCH                                                                       
 12   LGA        140B  250B 10.0       1029.3  44  39  6 8    30.40  1.2        
 12   LIT   60O              7.0    R- 1008.8  59  52 2314    29.79  4.6 0.93   
 12   LKV                                                                       
 12   LRD    8O              6.0     H         72  66 3415    29.87             
 12   LWT   48O             10.0       1014.2  19  12 24 7    29.81 -0.8 0.14  4
 12   MAF         90O       10.0       1014.9  49  19 3219    30.06  2.4        
 12   MCI   25O             10.0        997.4  38  32 2521 28 29.45  7.1 0.12   
 12   MCO     C              7.0       1022.9  63  63  8 3    30.21  0.8        
 12   MEM   55O             10.0    R- 1006.0  71  66 1921 31 29.72 -1.7 0.01   
 12   MFR   34B   80O        7.0       1015.0  40  39 35 3    29.96 -1.6 0.15   
 12   MGM     C             10.0       1017.9  66  62 1610    30.06  0.1        
 12   MIA   30S             10.0       1021.4  75  69 1010    30.16  0.8        
 12   MKE    3O              1.3    R-  990.9  55  55 1520 28 29.26 -9.5 1.81   
 12   MLI    8S  130O       10.0        985.1  59  56 1820 24 29.09 -5.8 1.25   
 12   MLS   33B   70O       10.0       1014.5  23  21 3212    29.86            2
 12   MOB   24S   70O        9.0    R- 1017.2  72  71 1711    30.05  1.4 0.08   
 12   MOT   18O              2.5    S-         27  25 3516    29.61      0.56 10
 12   MSP    8O              6.0    R-  978.3  42  40  719    28.88      0.49   
 12   MSY   20B   65O        9.0       1014.9  73  71 1812    29.96  0.8        
 12   OKC     C             10.0       1012.2  39  31 2813    29.90  4.7 0.52   
 12   OMA   23O              3.0    R-  987.1  34  32 2724 36 29.14  7.6 0.45   
 12   OMK                                                                       
 12   ORD   10O              9.0        991.9  63  60 1820 30 29.29 -5.9 1.07   
 12   ORF   34O              6.0    GF 1026.4  53  50 14 3    30.31  0.6        
 12   PDT     C             10.0       1015.5  37  28 12 6    29.99 -1.2        
 12   PDX   49O             10.0       1014.6  46  41 14 9    29.96 -1.1        
 12   PHL         95S  200B  6.0    GF 1028.9  42  39  5 5    30.39  1.2        
 12   PHX     C             10.0       1019.8  47  31 12 4    30.13  0.6        
 12   PIH   13S              9.0       1020.6  26  23 2316    30.07  0.3        
 12   PIR   14O              0.3    S-  997.5  30  28 3038 45 29.41 -0.3 1.05  2
 12   PIT                                                                       
 12   PUB     C             10.0       1011.7  31  12 2515    29.84  2.1        
 12   PWM     C              5.0    GF 1031.6  25  23  0 0    30.46  0.9        
 12   RAP   30B             10.0       1006.7  22  19 3334 42 29.61 -0.1        
 12   RBL   42O             10.0       1019.4  48  42  0 0    30.11 -1.1        
 12   RDU   50B              4.0    GF 1025.2  53  50 13 4    30.27  0.6        
 12   RIC   27O              6.0    GF 1026.9  48  45 12 5    30.31  0.9        
 12   RKS     C             10.0       1018.6  19  14 2719 23 29.92  1.0        
 12   RNO         80O        9.0    S- 1018.0  34  25 19 5    30.06 -0.8        
 12   ROA    8O              5.0    GF 1024.0  48  44 12 5    30.24  0.3        
 12   ROW     C             10.0       1016.1  39  21 3110    30.06  1.9        
 12   SAN                                                                       
 12   SAT   47O             10.0       1012.6  63  42 3512 17 29.95  3.8 0.01   
 12   SAV   39S              4.0    GF 1023.5  57  57  0 0    30.23  0.4 0.02   
 12   SBY        100O        5.0    GF 1027.4  41  39 11 3    30.34  0.7        
 12   SDF   40O             10.0       1007.2  68  59 1721 28 29.75 -2.6 0.40   
 12   SEA   50O             10.0       1013.9  44  40 11 6    29.94 -1.3 0.06   
 12   SFO         90B  200O 10.0       1020.0  52  47  0 0    30.12 -2.0        
 12   SGF   28B  120B       10.0       1002.5  46  39 2517 28 29.61  4.8 0.78   
 12   SHV   50O             10.0    R- 1011.4  55  52 29 7    29.88  6.1 0.45   
 12   SLC   60B             10.0       1020.9  29  24 13 7    30.11  0.4 0.06   
 12   SMN         80O       10.0               25  25         30.00             
 12   SMX     C             10.0       1021.1  38  34 10 3    30.14 -1.4        
 12   SPI         90O       10.0    R-  993.9  58  52 2019 28 29.35 -2.0 0.61   
 12   STL         90O        6.0    R-  995.8  57  53 2011    29.41 -1.1 0.39   
 12   SUX   15O              1.0     S  979.0  33  32 3035 50 28.89  0.5 1.28   
 12   SYR        100O       10.0       1025.4  38  34  9 8    30.28 -0.6        
 12   TAD     C             10.0       1013.4  23  10 25 5    29.88  1.7 0.26  3
 12   TLH   24S              5.0    GF 1021.2  57  57  0 0    30.16  0.8        
 12   TPA              250S  5.0    GF 1022.1  69  67 11 8    30.18  0.7        
 12   TPH         90B  180O 25.0       1021.9  21  16 32 5    30.12  0.0        
 12   TUS     C             10.0       1020.0  37  32 13 7    30.15  0.5 0.29   
 12   TVC   22O              2.5    R+ 1002.6  44  42 1414 21 29.60 -5.6 0.64   
 12   TYS   60B              7.0       1017.4  48  48  8 3    30.05  0.3 0.02   
 12   UIL   31B             10.0       1011.9  38  38    5    29.88 -1.5 0.54   
 12   VTN   20O              1.5    BS 1000.0  26  22 3134 41 29.45  0.5        
 12   WEB                                                                       
 12   WMC        100O       10.0       1019.5  27  22 11 4    30.06 -0.9        
 12   WPL                                                                       
 12   WSE                                                                       
 12   WYW                                                                       
 12   WZC                                                                       
 12   YCL   42O             15.0       1030.3  28  21 24 5    30.42             
 12   YGW   40O             15.0       1018.5  34  30 1811 16 30.08             
 12   YHB     C              7.0       1010.5  21  21 23 5    29.77             
 12   YMM    9O              3.0    S- 1009.0  23  19 30 6    29.73             
 12   YQB   34B             30.0       1030.1  30  28  0 0    30.41             
 12   YQI   35O             15.0       1030.4  37  27 30 7    30.42             
 12   YQT   19O             10.0    R- 1002.7  41  37 1221 33 29.59             
 12   YTL    0O              0.8       1013.7  28  27 19 6    29.94             
 12   YUL   57B             15.0       1028.8  36  30  8 3    30.38             
 12   YUM     C             10.0       1020.2  52  25  5 5    30.13  0.7        
 12   YVV   50O              6.0   RW- 1015.1  43  39 1215 21 29.96             
 12   YWA   22O              4.0    GF 1025.2  39  36 16 7    30.25             
 12   YWG   21B   67O       15.0       1004.6  30  28  311    29.63             
 12   YXR   50O              3.0    GF 1020.4  36  36 12 8    30.10             
 12   YXS   32B             15.0       1015.6  28  25 19 2    29.89             
 12   YYC         78B  230B 15.0       1012.5  27  16 27 7    29.74             
 12   YYN   29O   84O        4.0       1013.6  21  19 27 8    29.79             
 12   YYQ   24O             15.0       1004.3  25  21 2210    29.65             
 12   YYU   30O              8.0       1017.0  34  34 13 8    30.00             
 12   YYZ         66O        5.0    R- 1018.7  45  41 1113    30.07             
 12   YZT     C             15.0       1012.9  39  36 15 4    29.91             
 12   YZV   40S  120S  250B 30.0       1030.2  23  14  3 2    30.41             
 12  MMCN                                                                       
 12  MMHO                                                                       
 12  MMMV     C                                63  57  0 0    29.99             
 12  MUHA                                                                       
 12  MYNN   22S              6.2               75  66 1210                      
