! nrl_37rgb_95tbl_fixed.tbl
!
!  Color lookup table -- test, ALM
!
!Color name    Abrev   Red  Green   Blue  X color name
                         4      2      4
                         5    123     73
                       144    123     94
                         4    181    153
                       141     58      4
                         6     67      4
                        80    123     86
                       206    123    102
                        81     69      5
                        82    184    183
                         5    154    118
                         4     94     26
                       205     63     11
                       143    163    159
                         4    209    175
                       208    157    155
                        78    157    140
                        78     95     43
                        47    123     84
                        46     94     37
                        47    182    175
                       204     96     58
                       249    124    116
                       174    123     98
                       177    164    164
                       143     93     49
                       111    124     93
                        48    155    133
                        46     68      4
                         4    109     50
                       246    154    158
                         4    136     79
                         4    198    190
                       112    181    182
                       110    157    144
                        77     54      4
                       112     68      6
                       109     96     48
                       249     94     68
                        42    207    213
                       249    141    138
                         9    159    136
                         4    224    224
                       172     89     45
                        48    140    109
                       250    110     99
                       141    141    121
                       141    181    184
                         5     54      4
                       247     65     18
                       169     60      4
                       168    143    128
                        44     53      4
                       108     56      4
                       232     86     44
                        80    141    115
                       209    144    135
                       202    171    178
                       174    178    184
                       139    110     72
                       113    140    116
                       177    110     77
                        80    197    204
                       141     76     19
                        81    171    163
                        54    200    206
                        81    109     64
                        48    109     59
                        51    170    157
                       115    171    166
                       109    111     70
                         6    214    217
                       210    112     85
                       236    170    177
                       107     81     23
                       180     77     27
                        78     81     18
                        46     81     15
                         5     83      8
                       110    192    200
                         6    170    147
                         8    185    171
                         8    141    101
                        23    123     81
                       149    131    108
                       148    173    174
                       175    131    113
                       152    151    141
                       252     70     60
                        22     95     36
                       251     81     50
                        24    109     58
                        24    198    201
                       138    191    199
                       175    152    143
