! nrl_87rgb_95tbl_fixed.tbl
!
!  Color lookup table -- test, ALM
!
!Color name    Abrev   Red  Green   Blue  X color name
                         4      2      4
                        92    104     25
                       136      4      4
                        65     58     24
                       100    155     74
                        60    105    100
                        72      3      4
                        96     58      4
                        71     34      4
                       136     59      4
                        92    133     57
                        66    159    161
                       205      2      4
                        80     81     18
                       136     34      4
                       104    109      7
                        67    181    183
                       102      3      4
                        98     82      4
                       105     33      4
                        71    133    110
                       167      3      4
                        64     84     62
                        67    106     84
                        60    183    205
                       119     82      4
                        58     61     52
                        80    171    137
                        58    136    157
                       137     22      4
                        73     22      4
                       166     32      4
                       111     22      4
                       101    135     40
                       103    122     20
                        71     46      6
                        58    173    205
                        60     34      6
                       120     58      4
                        84     93     25
                       139     46      4
                       113     46      4
                        72     72     27
                       134     82      4
                        70    172    166
                        79    157    125
                        79    121     81
                        66    145    136
                        58      3      4
                       245      2      4
                        60    122    125
                        92    121     46
                       167     22      4
                       102    145     52
                        90    146     82
                        66     94     65
                        60     22      4
                       135     72      4
                        72    190    184
                        66    191    208
                        60     46     22
                        99     94      5
                        98     72      4
                        77    108     66
                        79    148    110
                        69    122    106
                        60    147    157
                       118    106      4
                        84    107     46
                        90    157     98
                        78     58      5
                        69     82     47
                        76    181    166
                       119     94      4
                       120     72      4
                       132     95      4
                       152      3      4
                        86      3      4
                       120      4      4
                       184      2      4
                       164     46      4
                        80    132     85
                        65    134    130
                        73     93     48
                        60     96     92
                        60     73     53
                        86     46      4
                        62    112    104
                        84    179    139
                        80    164    131
                        85     34      4
                       149     56      4
                       151     34      4
                       120     34      4
                       151     22      4
