!Color name    Abrev   Red  Green   Blue  X color name
                         0      0      0
                        38    141     31
                       145    139     17
                       123     18     21
                        34    205     24
                        28     78     28
                        26    143    171
                       147    204     27
                         9     82    157
                        35    205    168
                         7     15    151
                       152    147    163
                        91    146    161
                        97    203    170
                       101    140     22
                        88     83     12
                        75     16     18
                       134    202    193
                        80     84    152
                       124     88      7
                       130     87    139
                        98    205     19
                       191    154     47
                        37    171    173
                        34    244    168
                       150    171     31
                       186    153    162
                       185    202     94
                        35    173     27
                        31    109     33
                        93    109     18
                        21     49     25
                        93    243    165
                        95    175    167
                        99    172     19
                        13    113    165
                        78     52     13
                       148    175    161
                       177     83      8
                       144    243     23
                       135    113      7
                        70     19    147
                       131    241    206
                        81    115    159
                        96    244     74
                         7     51    159
                        22    148    220
                        36    174    228
                       125     30    120
                       137    116    149
                        34    246     24
                       188    235     83
                        75     53    149
                       123     54     22
                       174    119     29
                       167    121    150
                       188    184    113
                       189    169    169
                       123     55    120
                       172    199    137
                       168    239    164
                        33    141    105
                       143    147     89
                        34    205    105
                        23    208    249
                        25    243    251
                       158    175    101
                        34    173    105
                        36    243    104
                         7     13     93
                        15     80     99
                       157    201    102
                         8     83    216
                         5     17    208
                       144    154    205
                        83    151    212
                        89    204    235
                        95    143    100
                        83     82     94
                        76     16     90
                        71     85    209
                       124     85    104
                        98    205    105
                        22    111    101
                        84    114     93
                         9     49     97
                        86    243    248
                        86    178    224
                        98    172    105
                        12    116    214
                        80     51     92
                       142    173    214
                       144    241    102
                       130    116     93
                        74    118    207
