!Color name    Abrev   Red  Green   Blue  X color name
                         0      0      0
                        22    133     56
                       123     22     59
                       147    145     22
                        19     87     48
                       150    197    133
                       126     82     28
                        78     83     22
                       143    145    150
                        74     24     71
                       123     83    142
                       118    181    112
                       206    205    136
                        80    137     48
                        74     80    128
                       200    146     46
                        80     20    133
                       175     84     38
                        86    137    127
                       192    150    147
                        22     79    108
                       119     25    149
                       149    169     45
                       180     85    129
                        37     20    133
                       207    212    171
                        77    112     18
                       125    113     16
                       151    201    178
                       161    176    149
                       132    114    136
                        19    109     38
                       125     51     63
                       213    236    196
                        76    109    126
                        72     52     59
                        86    157     76
                        72     51    130
                       154    230    218
                       151    146    106
                        85    161    123
                        22     49     67
                       202    175     50
                       156    175    106
                        22     46    120
                        78     80     83
                        77    111     80
                       133    111     88
                       124     52    131
                       120    183    154
                        48    139     98
                       176    118     36
                       195    183    146
                       223    228    147
                        46    106    106
                       179    114    139
                       171     55    117
                       159     51     74
                        56    156    104
                       207    178    108
                       178    200    132
                       121    205    165
                       156    177    203
                        50    134     31
                       232    207    137
                       152     21     57
                       230    218    170
                       179    206    176
                       237    246    217
                       183    234    209
                       201    150     95
                       127     83     83
                       131    113    182
                       178    117     86
                       193    183    199
                       109    139     55
                       114    139    134
                       111    161     74
                       116    163    133
                       122    200    121
                        46     22     71
                       170    147    152
                       101     23     65
                       152     84    138
                        99     82    135
                       101    111    132
                        99     54     66
                        98     51    130
                        46     51     66
                       177     83     95
                        45     84     47
                        46     78    110
                        45    110     30
                        45     50    124
                       184    215    143
