!Color name    Abrev   Red  Green   Blue  X color name
                         0      0      0
                        33    136     21
                       139      7      5
                       169    135     17
                        33     80     19
                        24    191     15
                       154    186     82
                       145     82      5
                        23     81    162
                        29    137    165
                        14      4    157
                       162    134    163
                       153     87    158
                       106     80      9
                        90     84    160
                       106    134     20
                       107    137    167
                        97      4      5
                        85      5    155
                       205    136    166
                       203    143      6
                       205     81      5
                       206     88    157
                       138      7    159
                        33    108     62
                        35    113    236
                       104    109     43
                        95    116    230
                       103    166     76
                       150    190    192
                       156    111     30
                       100    165    204
                        35    166     66
                       167    160     61
                        31     50     17
                       162    117    188
                        44    163    204
                        19     51    161
                       107     50      6
                       153    161    188
                        40    198    163
                        88     52    157
                       210    161    182
                       218    193    203
                       205      5      4
                       208    160     27
                       139     53      4
                        29    136    100
                       106    193    179
                       204      6    157
                       100    190     88
                       203    183     11
                       143     54    153
                       204     52      4
                       205    112     55
                       210    114    175
                        53    232    250
                       205     54    159
                       157    215    241
                        93    219    243
                       151    209     42
                        99    213     22
                       207    218    241
                        36    190     94
                       200    183    100
                        14      3     96
                       144      6     93
                        29     81     99
                       152     85     99
                        21     84    228
                        45    133    248
                        13      5    212
                       145     88    212
                        91     84     95
                        86     87    226
                       109    136    101
                        98    135    244
                        87      4     94
                        84      6    211
                       225     89    105
                       205     88    206
                        23     51     99
                        17     52    218
                        89     51     96
                        51    196    202
                        84     53    216
                       203      3    104
                       144     52     96
                       142     54    210
                       203     55    105
                       176      5    158
                       163    135     99
                       148    134    231
                       202    134    219
                       203    140    100
