!Color name    Abrev   Red  Green   Blue  X color name
                         0      0      0
                       108    140     89
                       168     40     60
                       148    199    137
                       185    149    102
                        81     73     51
                       138     92    105
                       203     94    124
                       186    143    188
                        72     80    155
                       111    139    166
                       143     94    171
                       206    206    154
                        38     32    136
                       186    177    185
                        87    107    156
                       204     96    174
                       127    169    163
                        84     23     31
                        90    104     62
                       144    114    200
                       190    174    103
                       212    228    222
                       119    168    122
                       137    107     58
                       205    206    216
                       232    137    243
                       230    176    223
                       107     86    158
                       106     83     52
                       139    145    170
                       206    116    212
                        38     36     56
                       143     47    154
                       154    196    203
                       132    137     81
                       205    109    134
                       177    114    202
                       108    110    224
                       230    178    138
                        84     57     47
                       174     95    164
                       234    120    222
                       229    144    139
                       235    209    232
                       153    174    199
                       144    144    229
                       189     44     91
                        88     39    142
                       149     56     69
                       187     64    163
                        55     53    149
                       167    220    146
                       118    101     54
                        83     60    203
                       186    220    222
                       138    175    125
                        28     24     79
                        75     31     96
                       140    115    107
                        80     56    102
                       167     40     92
                        43     44     95
                       149     64    222
                       177     92    116
                       234    230    232
                       190     61    102
                        68     76    108
                        80     82    207
                       233     95    122
                       233     96    172
                       235    111    130
                       178    200    162
                       236    202    151
                       102     89    219
                       107     85     98
                       155     61    105
                       113    137    224
                       131    143    120
                        82     59    151
                       112    114    106
                        36     28     53
                       111    115    153
                       113     29     95
                       108    143    119
                       187    175    143
                       131    164    214
                        89    112    110
                       178    201    211
                       186    146    142
                       190    141    237
                       188    177    237
                       150     66    155
                       115     25     33
                       176    111     67
