!Color name    Abrev   Red  Green   Blue  X color name
                         0      0      0
                       137    137     57
                        76     77     67
                       198    198     63
                        72     72    162
                       136    136    152
                        11     12    155
                       229    228     76
                        40     40    145
                       168    168     56
                       104    104    156
                       105    105     59
                       199    199    136
                       167    167    151
                        42     42    209
                        70     70    209
                       167    167     98
                       135    135     99
                         8      8    196
                       104    104    104
                       103    102    200
                        72     72    108
                       230    230    137
                       134    134    198
                       214    213     64
                       214    214    134
                        56     56    146
                       183    183    150
                        88     88    161
                       151    151    153
                        25     25    149
                       183    183     56
                        56     56    208
                       120    120    102
                       152    152     56
                       248    247    136
                       120    120    156
                        86     86    209
                       183    183     97
                       152    151     98
                       119    118    199
                        88     89    108
                        44     46    100
                       121    121     58
                        24     23    198
                        89     90     66
                       198    198     85
                        59     60     91
                        28     29    124
                       245    245     96
                       150    149    207
                       199    198    164
                       214    213     87
                       231    230    102
                       215    214    165
                        56     56    115
                         8      8    182
                        40     40    181
                       167    167    175
                       230    230    165
                        56     56    180
                        24     24    180
                       136    136     79
                        71     71    189
                       135    135    176
                       168    168     77
                        42     42    230
                       104    104    132
                       183    182    174
                        87     87    187
                       151    151    176
                       184    184     75
                        56     56    231
                       120    120    132
                       152    152     78
                       246    246    162
                       120    120     81
                        26     27    229
                        88     89     88
                        73     74     88
                       104    103    178
                       105    105     80
                        70     70    232
                       167    167    124
                       136    135    124
                       101    100    227
                        72     72    133
                       137    136    226
                       120    119    177
                        86     86    231
                       183    183    124
                       151    151    125
                       119    119    227
                        88     88    132
                        41     42    120
