!Color name    Abrev   Red  Green   Blue  X color name
                         0      0      0
                        35    141     53
                       145    144     70
                        10    205    123
                       145     42     29
                       146    205     68
                         6     77     84
                        82    142     80
                        82     76     56
                        82    206     86
                       227    145     62
                       209    206     71
                       154     91     60
                        80    143    142
                         7    143    158
                         7     82    119
                        79    204    160
                        75     32     26
                       206     92     55
                       140    145    133
                        82    109     70
                         9    205    179
                       142    203    140
                       229    176     64
                       146    175     69
                         6     42     60
                       145     95    101
                        82    175     79
                       233    244     75
                        82    242     82
                         6    106     88
                         8    174    169
                         9    173    109
                        80    174    149
                       145    241     65
                        79    112    124
                         9    239    179
                        11    239    125
                        79     82    101
                         7    111    135
                        79    240    159
                         5     48     98
                       161    116     65
                       233    117     53
                        88     52     42
                       141    175    136
                       222    146     90
                       224    175     99
                       206     49     30
                       153    242    135
                       141     66     47
                       220    206    115
                       149    117    105
                         4     28     79
                        81     57     83
                        21    142    106
                       244    249     96
                        49    175    161
                       209     70     47
                       212    118     76
                       176    144     70
                        50    205    111
                       114    143     74
                       113    205     79
                        49    143    152
                        48    205    171
                       176    175     68
                       114    174     72
                        50    174    100
                        48    240    170
                       173     67     45
                        49     76     77
                       112    144    138
                       110    204    155
                       109     32     22
                       113    242     72
                        50    109     81
                       112    175    142
                        49    111    130
                       173    177    125
                       177    205     69
                       113    110     66
                       173    201    129
                       178    243     69
                        50    241    114
                       109    239    157
                       242     94     54
                       172    147    121
                        47     46     47
                       111    113    121
                       112     78     56
                       246    206     72
                        48     84    117
                       109     84     98
                        46     57     97
