!Color name    Abrev   Red  Green   Blue  X color name
                         0      0      0
                        36    132     62
                       120    139     76
                        41     77     30
                        99     75     53
                        36    203    217
                       130    198    164
                        18    139    165
                        29     74    121
                        70    146    151
                       125    149    156
                        43    100     35
                        96     90    133
                        73     44     31
                       174    199    191
                        95    197    173
                        26     42     42
                        70    173    180
                        37    117    125
                       132    175    177
                        81    134     53
                        98    108     52
                       137    230    190
                        69     75     35
                        26    171    179
                        65    104     41
                        15     49    101
                        77    166    122
                       128    168    129
                        81    230    244
                        65    118    123
                       166    179    176
                       130    203    211
                        68    187    206
                       135    109     93
                        71    134    126
                        49     51     39
                       107    119    131
                        78    147    202
                       134    185    207
                        89    199    209
                       153    206    211
                        71     80     77
                        39     79     80
                       149    149    133
                        68    107     92
                        53    233    248
                        16    147    207
                       172    238    108
                        41    158    127
                        71     60    100
                        72     73    125
                       132    109    132
                       175    231    234
                        36     29     38
                       125     89     72
                        24    180    213
                       151    168    135
                       131    234    240
                       150    153    159
                        53    196    202
                        47    134    127
                        52     53    100
                       104    167    113
                        77     58     39
                       152    197    167
                        40    108     94
                       174    210    216
                       103    110    101
                        78    114    180
                       124    139    130
                        17    120    170
                       166    186    200
                       106    119    185
                        24     25     64
                        48    146    152
                       101    174    178
                       100    136     63
                        48    173    181
                       101    214    171
                        84    246    250
                        98     88     89
                       102    146    150
                       101    186    207
                       102    136    121
                       102    148    202
                        41    150    213
                        48    188    205
                       154    232    239
                        29     90    123
                        82    215    229
                        77     88    126
                       133    123    136
                       177    248    247
                        53    206    223
