!Color name    Abrev   Red  Green   Blue  X color name
                         0      0      0
                        33    135     46
                        56    199    143
                        22     77     23
                        85    137     59
                        71     71     41
                        23     73    116
                        30    143    154
                        96    198     76
                        86    148    142
                        24    102     26
                        72     76    103
                        62     35     25
                        50    201    194
                        34    167    170
                        23     39     35
                        50    231    229
                        85    168    158
                        58    166     66
                        23    111    125
                        78    102     78
                       100    203    192
                        89    166    112
                        46     75     35
                       100    231    229
                        16     43     89
                        56    137     55
                        45    105     39
                       118    169    156
                        72    201    195
                        58    149    147
                        52    117    116
                        61    173    168
                        43     53     37
                       109    140     70
                        78    115    110
                       102    104     80
                        82    186    191
                        58    138    123
                       126    206    192
                        71    230    198
                        72     74     60
                        48     81     75
                        58    183    209
                       100    108    104
                        50    108     86
                        25     79     75
                       109    149    141
                        62     56     37
                        68    222    148
                        11     26     73
                       120    170    114
                        59    166    121
                       126    236    231
                        34    134    120
                        46     87    115
                        34    177    211
                        73    198    101
                        63     60     63
                        42     58     88
                        86    137    116
                        39     27     25
                        29    148    194
                        23    118    170
                        99    216    218
                       102    198    141
                        89    181    115
                       126    218    216
                        83    151    185
                        25    105     82
                        49    211    220
                        74    214    219
                        55    150    193
                        47    118    162
                       109    140    115
                        76    120    154
                        76    235    236
                        75     91    104
                        77    119     77
                       101    247    244
                       118    184    170
                        60    182    119
                        74     87     39
                        77     88     72
                        22     56     28
                        51    249    245
                       101    121    113
                        35    182    180
                        60    180     68
                        35    150    121
                        76    199    148
                        24     89    119
                        86    182    171
                        21     57     92
                       104    118     81
