!Color name    Abrev   Red  Green   Blue  X color name
                         0      0      0
                       143    143     73
                        83     83     60
                       202    202     81
                        84     84    157
                       144    144    169
                        30     30    159
                       202    203    173
                       116    116    160
                        50     51     59
                       175    175    171
                       115    115     66
                       175    174     86
                       232    233    174
                        58     58    157
                       234    234     99
                        85     85    214
                        52     52     98
                       143    143    227
                        83     83    105
                       144    143    131
                       117    117    214
                       204    204    218
                       202    203    125
                       176    176    219
                        58     59    225
                        27     28    112
                       116    116    108
                       175    175    130
                       232    233    222
                       101    101    157
                       160    159    180
                       101    101    214
                        67     67    103
                       100    100    103
                        66     66     60
                       159    159     86
                        42     43    220
                       129    130    173
                       190    190    188
                        71     71    161
                       130    131    219
                        42     42    161
                       218    218    172
                       159    159    225
                       159    159    131
                       216    217    220
                       217    218    126
                        36     36     63
                        99     99     60
                       217    217     81
                       252    250    100
                       129    130     82
                        74     73    215
                       190    189     87
                       250    250    182
                       191    190    219
                        40     40    106
                       129    130    122
                       190    189    130
                       245    247    223
                       234    234    144
                        84     84     76
                        84     84    187
                        30     29    183
                       117    117    186
                        51     51     76
                       116    116     84
                        87     86    243
                        55     54    130
                        84     84    131
                       116    116    244
                       100    100    187
                       101    100    246
                        69     69    130
                        99    100    132
                        66     66     77
                        38     38     80
                       248    249    144
                        27     26     81
                       202    203     99
                       203    203    199
                       232    233    197
                       203    203    237
                       202    202    149
                       116    116    133
                       233    234    238
                       217    218    199
                       218    218    237
                       218    219    149
                       100    100     77
                       217    218     99
                       143    143     91
                       143    143    196
                       176    176    196
