!Color name    Abrev   Red  Green   Blue  X color name
                         0      0      0
                       111    132    114
                       158     18     40
                       146     77     41
                       119     74     45
                        83    210    210
                       143     78    166
                       146     15    170
                        27      6    181
                       183    139     40
                       176    142    161
                       211     79     29
                       195     25     31
                        99     12    177
                       205     78    158
                       195     20    167
                       112     13     48
                       107     43    172
                       166    108     41
                       115     44     42
                       159     45     39
                        83     73    173
                       185    172     35
                       154    109    166
                       151     46    165
                       176    172    161
                       191    201     46
                       180    203    166
                       216    110     27
                       119    106    166
                       109    135    172
                       202     48     30
                       158     77    106
                        95     13    213
                       106     14    103
                       106     43    204
                       158    109    107
                       218    142     25
                       156     46    106
                       156     17    102
                       144     78    202
                       111     45    107
                       186    236    171
                       146    110    201
                       141     46    202
                        83    174    211
                       214    141    146
                        60     35    175
                        84    240    134
                        88    166    116
                        84    249    212
                       193    236     76
                       122    102     41
                       151    197    171
                       209    110    156
                       197     48    157
                        60     36    111
                       116     75    167
                       148    140    169
                       152    171    166
                       153    137     42
                       220    173     23
                       156    228    180
                       218    206    145
                       154    169    112
                       214    174    145
                       221    204     51
                       218    239    149
                        52      8    218
                       222    239     82
                        58     15    109
                       118     75    108
                       137     16    208
                       212    110     99
                       118    104    201
                       207     78    101
                        82     72    207
                        92    142    217
                       199     47    101
                       119    105    112
                       192     25    100
                        58     36    202
                       115     74    201
                       150    139    111
                       228     85    176
                       177    140    100
                       171    143    193
                       177    171    100
                       175    171    194
                       186    204    102
                       216    141     95
                       217    173     99
                       177     77     41
                       175     77    163
                        57      8    180
