!Color name    Abrev   Red  Green   Blue  X color name
                         0      0      0
                       106    159    164
                       191    162    100
                       251    212    100
                       159     67      4
                       187    167    122
                       168    115     16
                        72    135    140
                       205    115      4
                       246    189     41
                       190    212    212
                       170    136     63
                       193    188    159
                       119    130     98
                       229    214    180
                       223    161     39
                       151    161    140
                       250    238    196
                       222    191    130
                       151    192    200
                       122    115     64
                       120    140    121
                       221    167     67
                       164    140     83
                       231    189     99
                       148    168    158
                       185    114      4
                       213    139      9
                       188    192    175
                       244    221    172
                       236    175     46
                       236    235    220
                       144    113     39
                       228    141      4
                       236    211    153
                        92    134    128
                       244    191     72
                       223    204    164
                       139    150    126
                       185    151     84
                       143    130     80
                       210    175    104
                       206    179    124
                       173     91      4
                       232    226    207
                       207    152     53
                       164    128     53
                       187    138     47
                       130    161    153
                       192     99      4
                        94    146    148
                       145     96      6
                       195     82      4
                       252    228    151
                       168    204    211
                       209    161     68
                       169    162    127
                       208    202    178
                       248    240    217
                        75    143    150
                       169    177    160
                       211    211    193
                       191    177    138
                       131    174    177
                       223    178     90
                       208    191    150
                       122    150    139
                       166    150    102
                       193    148     62
                       170    188    180
                       231    201    139
                       144    140    101
                       117    120     82
                       187    127     21
                       194    199    184
                       164     78      4
                       252    199     48
                       245    201     94
                       173    103      4
                       208    128      4
                       236    165     17
                       170    123     32
                       235    223    191
                       153    176    167
                       216    150     24
                       206    167     93
                       141    120     60
                       170    171    145
                       252    251    237
                       246    216    145
                       244    179     28
                       236    180     68
                       142    104     22
                       229    151      6
                       246    228    186
