!Color name    Abrev   Red  Green   Blue  X color name
                         0      0      0
                       141     32     35
                         4     82     76
                        71     17     44
                       145     73    116
                        75     83    116
                         5     50     53
                        79     46     53
                       203     40     71
                       207     74    123
                         5    119    126
                        17     53    124
                        80     52    125
                       141     45    103
                        18     87    153
                        73    117    165
                        77     86    159
                        21     34     93
                       145     79    141
                        48     46     47
                       143     48     83
                       111     46     53
                       206     52     86
                        80     37     95
                        40      9     17
                       112     84    155
                       209    105    167
                        45     88    153
                       111     54    121
                        47     52    126
                       146    101    162
                       106     21     48
                       208     85    147
                       206     61    109
                        50     80     78
                       143     59    109
                       173     48     45
                         5     67     77
                        48     49     82
                       176     80    139
                        79     66     95
                       113     64    100
                       112     82    120
                        74    102    169
                        44    102    166
                        13     30     46
                        47     28     53
                        80     67    133
                        27    116    187
                       204     41     95
                        73    119    201
                       176     73    118
                       173     37     70
                        47    115    159
                       178    103    164
                       238     75    123
                       236     86    146
                        48     34     91
                       233    105    164
                       176     60    110
                        49     68    176
                       237     39     67
                        44    118    192
                         5    103    108
                        50     99    127
                        77     30     65
                       172     45    103
                       237     53     85
                       108     37     94
                       104    116    199
                       237     62    108
                       110    101    168
                       113     67    127
                       110    100    125
                        74    100    125
                        11     69    126
                        23    101    169
                       109     34     70
                       175     92    120
                       142     36     73
                         4    136    139
                       143     88    118
                       105    117    168
                       139     85    185
                       175     49     84
                       176     86    183
                        10     83    117
                        10     52     81
                        82     47     90
                        50     65     48
                       111     49     92
                        46     68    131
                        49     84    120
                        49     67     93
                       206     87    129
