!Color name    Abrev   Red  Green   Blue  X color name
                         0      0      0
                        34    143     36
                       145      8     11
                       165    142     32
                        42     78     40
                       156     80     21
                       172    204     39
                        24    204     36
                        22      2    162
                        38     78    167
                       155     83    164
                       143     10    160
                       163    144    170
                        40    141    164
                       174    205    171
                        92      6    161
                       107     80    170
                        98      3     16
                       215     83    157
                       235     11    172
                       210     81     20
                        30    207    160
                       210    146     28
                       114    141    169
                       112     78     29
                       211    144    169
                       212      7     28
                       209    204     43
                       200    206    184
                       110    204    165
                       114    141     37
                       150     48     14
                       174    175     83
                       161    112     77
                        52     42    235
                        92     49    241
                       114    108    218
                       109     47     61
                       165    174    184
                       154    112    203
                       114    173    204
                       112    110     84
                        40    110    214
                       144     50    200
                       170    236    193
                        36     47     82
                       172    237     73
                       113    173     76
                       114    204     63
                        32    175     72
                        39    109     88
                        16    253     74
                        27    175    233
                       206    113    187
                       219     48    182
                       209    111     62
                        19    252    228
                       204    178     63
                       201    176    177
                       213     51     53
                       207    233     54
                        92    249    230
                       105    251     43
                       200    234    187
                        20      2     98
                        36    140    104
                       145      9     96
                       166    143     99
                        38     78     99
                       156     82     99
                       177    204     96
                        20    207     95
                        38      7    236
                        46     77    229
                       143     84    227
                       146     13    216
                       154    142    214
                        32    143    237
                       164    205    215
                        84     14    237
                       107     79    241
                        96      4     96
                       207     82    210
                       226      6    210
                       213     82    105
                        23    208    240
                       208    147     84
                       114    140    222
                       108     80     98
                       204    141    212
                       209      9     90
                       201    203     87
                       111    203    223
                       113    141    100
                       150     49     99
