!Color name    Abrev   Red  Green   Blue  X color name
                         0      0      0
                        50    134    132
                        26     67     63
                        88     73     63
                       156    145    147
                        99    185    176
                        91    101     62
                       115    132    114
                        52     98     71
                        19     34     40
                       106    161    152
                       125    105    101
                        58     69     60
                        53     45     44
                        96    103    102
                        60     83     56
                       134    132    123
                        20     51     67
                       116     85     72
                        75     99     63
                        55    161    161
                       123    208    199
                        88     88     62
                       141    161    155
                        98    115     88
                       105    150    143
                        95    119    112
                        73    102     97
                        58     86     82
                       134    185    176
                        70     73     78
                        90    131    115
                       158    200    189
                        34     39     39
                        15     24     28
                        92     89     90
                        26     86     87
                        56     56     56
                        42     52     50
                       161    168    165
                       112    101     88
                       118    174    164
                       143    149    146
                        74    118    113
                       116    135    130
                       113    119    114
                        90    149    142
                        77     61     58
                       212    214    212
                       252    254    252
                        49    117    112
                       159    185    177
                       201    202    201
                        89    161    153
                       126    122    121
                       137    209    200
                        29     29     31
                       158    157    157
                        62    152    152
                       114    185    178
                        44     67     55
                       187    187    187
                        50    101     99
                        43     85     84
                       132    197    188
                       110    116     90
                       139    174    166
                        86     77     80
                        59     60     69
                        37     57     71
                        76    111     79
                        90    173    164
                       156    218    210
                       110    106    106
                       140    125    127
                       100    197    188
                       142    219    209
                        89    135    129
                        35     43     53
                       120    150    142
                       116     93     88
                       115    197    189
                        43     69     75
                        20     14     16
                        67    135    130
                        27     68     78
                        93    103     86
                        20     39     53
                        70     71     64
                        72     88     55
                       138    137    136
                       101     87     69
                        74     86     83
                       176    175    176
                       120    161    153
