!Color name    Abrev   Red  Green   Blue  X color name
                         0      0      0
                         4    136     11
                       252      2      9
                       252    136     12
                       252     72     11
                         4     72     11
                         4    200     18
                       252    200     20
                         4    136    166
                       252     72    163
                         4     73    157
                       252    135    164
                       252      2    165
                         4      3    155
                         4    200    166
                       252    201    162
                         4     40     10
                         4    168     18
                       252    104      9
                         4    104     12
                         4    168    163
                       252    105    169
                         4    104    160
                       252    168    169
                       252     41    162
                       252    168      9
                       252     40     11
                         4     40    162
                         4    229    168
                       252    227    174
                         4    200     99
                         4      3     96
                         4    136     97
                       252     71     99
                         4     72     97
                         4    137    216
                       252     82    235
                         4     81    214
                       252    144    243
                       252      4    227
                         4    209    239
                       252    211    250
                         4     49     95
                         4    175     98
                       252    113     96
                         4    112     96
                         4    177    226
                       252    114    238
                       252    206     95
                       252      5     99
                       252    143     99
                         4      8    210
                         4    116    215
                       252    178    245
                       252     50    233
                       252    177     98
                       252     49     98
                         4     50    211
                         4    236    249
                       252    243    252
                         4    217     11
                         4    218    103
                       252    217    103
                         4     24     10
                         4    152     15
                       252     24      9
                       252    152     10
                       252     88     10
                         4     88     11
                       252    211     42
                         4    153    164
                       252     88    161
                         4     88    156
                       252    152    163
                       252     25    161
                         4     24    161
                         4    215    168
                       252    218    159
                         4     56     11
                         4    183     17
                       252    120     10
                         4    120     11
                         4    184    164
                       252    120    169
                         4    120    164
                       252    182    172
                       252     56    165
                       252    184     11
                       252     56     13
                         4     56    159
                         4     24     93
                         4    153     96
                       252     88     96
                         4     88     98
                         4    153    219
