!Color name    Abrev   Red  Green   Blue  X color name
                         0      0      0
                         7    142     31
                       146    139      4
                         8    204     41
                         4    146    163
                       121     15      4
                         4    204    167
                        12     83     21
                        80    139      5
                        80    205      9
                         4     83    152
                         6    172     41
                         9    244     41
                        79     85      4
                        80    173      8
                         4     13    153
                        15    114     19
                        79    247     15
                        72    213    140
                         4    175    101
                         4    145     94
                         4    204    101
                        75     14      5
                         4    243    166
                         5    244    103
                        69    148    141
                        10     51     23
                         4    114     96
                         4    176    164
                        77    176     90
                        79    147     90
                       142    205      6
                        82    115      4
                        77    206     95
                         4     83     95
                         4    116    153
                        48    140      7
                        48    173     13
                         4    242    242
                        48    206     17
                        48    245     23
                        48    174     91
                        77    247     98
                        47    206     97
                        47    147     90
                       113    139      4
                        46    247     97
                         4    208    222
                       123     87      4
                       204    207      4
                       168     85      4
                       146    171      4
                       120     54      4
                         4     51    153
                       142    246      6
                        76     52      4
                       120    117      4
                        60    114    140
                        80    251    145
                       213    252      4
                       183    173      4
                       165     58      4
                       182    143      4
                       165    120      4
                        54     81    138
                        52     21    135
                        50     49    137
                        69    177    140
                       136    249     90
                         4     12     92
                         4    151    210
                         4     51     93
                         4    179    215
                        75     84     96
                        76    114     96
                         4    115    218
                        72     52    101
                       170    206      4
                        64     11     88
                         4     83    216
                         4     18    207
                         4     52    210
                       146    118      4
                        43    207    150
                       113    205      6
                       113    172      5
                       111    245      9
                        45    249    155
                       111    174     86
                       112    147     82
                       109    207     93
                        41    252    207
                       110    247     99
                       173    248      5
                       136    175     72
