! seviri_rgb.tbl
!
!  Color lookup table -- test, ALM
!
!Color name    Abrev   Red  Green   Blue  X color name
                        16     17     47
                        24    133     41
                       135     14     59
                       143    143     77
                        36     81     37
                       174    195     52
                       137     79     24
                       205    143     88
                        78     19     46
                        86     78     21
                       149    203    157
                       134     83    148
                        78    200    116
                       144    143    141
                        83    139     68
                       207    211    155
                        78     15    144
                        81     81    127
                        86    139    125
                        19     17    112
                       133     17    139
                       184     81     90
                        41    106     30
                       209    147    142
                       146    172     94
                       224    245    165
                       185     85    123
                        87    110     17
                       140    114     27
                        86     49     30
                       139     50     53
                        17     50     39
                       144    175    140
                        86    167     80
                        87     48    137
                       180    237    168
                       145    114    135
                       206    178     88
                        88    169    127
                        44     78     97
                       206    206    113
                        52    107     98
                        20     45    111
                        97    113    130
                       173    144     71
                       137     49    136
                       242    252    215
                       207    176    170
                        77    208    181
                        56    167     78
                        72    230    184
                       222    230    122
                       185    114     33
                        56    136    102
                       117    199    121
                       183     50    112
                       187     15    113
                       194    116    130
                       180    219    121
                       178     50     80
                       171     16     72
                       117    237    197
                        57    171    137
                       119    201    172
                       175    243    207
                       229    149     97
                       235    210    177
                       174    177     94
                       234    180     97
                       117    222    136
                       175    200    114
                       177    207    148
                       175    144    158
                       176    176    150
                       232    178    151
                       112    141     68
                       115    169     80
                       117    170    138
                        48     18     55
                       113    144    130
                        51     13    132
                        49     50     35
                       235    207    107
                        50     48    118
                       145     80     83
                        88     80     83
                        90    113     87
                       143    113     85
                       151    113    186
                       191    112     91
                        53    136     53
                       108     14     54
                       164     84    134
                       108     13    141
                       108     80    141
