! nawips.tbl
!
!  Color lookup table
!
!Color name    Abrev   Red  Green   Blue  X color name
                         0      0      0
                         0      0      0
                        64     64     64
                       101     53      2
                       102     55      4
                       104     56      6
                       105     58      8
                       106     60     10
                       107     61     12
                       109     63     14
                       110     65     17
                       111     66     19
                       112     68     21
                       114     70     23
                       115     71     25
                       116     73     27
                       117     75     29
                       119     76     31
                       120     78     33
                       121     79     35
                       122     81     37
                       124     83     39
                       125     84     41
                       126     86     43
                       128     88     46
                       129     89     48
                       130     91     50
                       131     93     52
                       133     94     54
                       134     96     56
                       135     98     58
                       136     99     60
                       138    101     62
                       139    103     64
                       140    104     66
                       141    106     68
                       143    108     70
                       144    109     73
                       145    111     75
                       146    113     77
                       148    114     79
                       149    116     81
                       150    118     83
                       151    119     85
                       153    121     87
                       154    123     89
                       155    124     91
                       157    126     93
                       158    128     95
                       159    129     97
                       160    131     99
                       162    132    102
                       163    134    104
                       164    136    106
                       165    137    108
                       167    139    110
                       168    141    112
                       169    142    114
                       170    144    116
                       172    146    118
                       173    147    120
                       174    149    122
                       175    151    124
                       177    152    126
                       178    154    128
                       179    156    131
                       181    157    133
                       182    159    135
                       183    161    137
                       184    162    139
                       186    164    141
                       187    166    143
                       188    167    145
                       189    169    147
                       191    171    149
                       192    172    151
                       193    174    153
                       194    176    155
                       196    177    158
                       197    179    160
                       198    180    162
                       199    182    164
                       201    184    166
                       202    185    168
                       203    187    170
                       205    189    172
                       206    190    174
                       207    192    176
                       208    194    178
                       210    195    180
                       211    197    182
                       212    199    184
                       213    200    187
                       215    202    189
                       216    204    191
                       217    205    193
                       218    207    195
                       220    209    197
                       221    210    199
                       222    212    201
                       223    214    203
                       225    215    205
                       226    217    207
                       227    219    209
                       228    220    211
                       230    222    214
                       231    224    216
                       232    225    218
                       234    227    220
                       235    229    222
                       236    230    224
                       237    232    226
                       239    233    228
                       240    235    230
                       241    237    232
                       242    238    234
                       244    240    236
                       245    242    238
                       246    243    240
                       247    245    243
                       249    247    245
                       250    248    247
                       251    250    249
                       252    252    251
                       254    253    253
                       255    255    255
                       204    204    255
                       201    201    255
                       198    198    255
                       196    196    255
                       193    193    255
                       190    190    255
                       187    187    255
                       184    184    255
                       182    182    255
                       179    179    255
                       176    176    255
                       173    173    255
                       170    170    255
                       168    168    255
                       165    165    255
                       162    162    255
                       159    159    255
                       156    156    255
                       154    154    255
                       151    151    255
                       148    148    255
                       145    145    255
                       143    143    255
                       140    140    255
                       137    137    255
                       134    134    255
                       131    131    255
                       129    129    255
                       126    126    255
                       123    123    255
                       120    120    255
                       117    117    255
                       115    115    255
                       112    112    255
                       109    109    255
                       106    106    255
                       103    103    255
                       101    101    255
                        98     98    255
                        95     95    255
                        92     92    255
                        89     89    255
                        87     87    255
                        84     84    255
                        81     81    255
                        78     78    255
                        75     75    255
                        73     73    255
                        70     70    255
                        67     67    255
                        64     64    255
                        61     61    255
                        59     59    255
                        56     56    255
                        53     53    255
                        50     50    255
                        48     48    255
                        45     45    255
                        42     42    255
                        39     39    255
                        36     36    255
                        34     34    255
                        31     31    255
                        28     28    255
                        25     25    255
                        22     22    255
                        20     20    255
                        17     17    255
                        14     14    255
                        11     11    255
                         8      8    255
                         6      6    255
                         3      3    255
                         0      0    255
                       255    255      0
