                        0      0      0
                        1      1      1
                        2      2      2
                        3      3      3
                        4      4      4
                        5      5      5
                        6      6      6
                        7      7      7
                        8      8      8
                        9      9      9
                       10     10     10
                       11     11     11
                       12     12     12
                       13     13     13
                       14     14     14
                       15     15     15
                       16     16     16
                       17     17     17
                       18     18     18
                       19     19     19
                       20     20     20
                       21     21     21
                       22     22     22
                       23     23     23
                       24     24     24
                       25     25     25
                       26     26     26
                       27     27     27
                       28     28     28
                       29     29     29
                       30     30     30
                       31     31     31
                       32     32     32
                       33     33     33
                       34     34     34
                       35     35     35
                       36     36     36
                       37     37     37
                       38     38     38
                       39     39     39
                       40     40     40
                       41     41     41
                       42     42     42
                       43     43     43
                       44     44     44
                      255      0    255
                      255      0    255
                      255      0    255
                      255      0    255
                      255      0    255
                      255      0    255
                      255      0    255
                      255      0    255
                      255      0    255
                      255      0    255
                      255      0    255
                      255      0    255
                      255      0    255
                      255      0    255
                      255      0    255
                      255      0    255
                      255      0    255
                      255      0    255
                      255      0    255
                      255      0    255
                      255      0    255
                      255      0    255
                      255      0    255
                      255      0    255
                      255      0    255
                      255      0    255
                      255      0    255
                      255      0    255
                      255      0    255
                      255      0    255
                      255      0    255
                      255      0    255
                      255      0    255
                      255      0    255
                      255      0    255
                      255      0    255
                      255      0    255
                      255      0    255
                      255      0    255
                      255      0    255
                      255      0    255
                      255      0    255
                      255      0    255
                      255      0    255
                      255      0    255
                      255      0    255
                      255      0    255
                      255      0    255
                      255      0    255
                      255      0    255
                      255      0    255
                      255      0    255
                      255      0    255
                      255      0    255
                      255      0    255
                      255      0    255
                      255      0    255
                      255      0    255
                      255      0    255
                      255      0    255
                      255      0    255
                      255      0    255
                      255      0    255
                      255      0    255
                      255      0    255
                      255      0    255
                      255      0    255
                      255      0    255
                      255      0    255
                      255      0    255
                      255      0    255
                      255      0    255
                      232      0    255
                      209      0    255
                      186      0    255
                      162      0    255
                      139      0    255
                      116      0    255
                       93      0    255
                       70      0    255
                       46      0    255
                       23      0    255
                        0      0    255
                        0      0    255
                        0     11    244
                        0     22    233
                        0     33    222
                        0     44    211
                        0     55    200
                        0     67    188
                        0     78    177
                        0     89    166
                        0    100    155
                        0    111    144
                        0    122    133
                        0    133    122
                        0    144    111
                        0    155    100
                        0    166     89
                        0    177     78
                        0    188     67
                        0    200     55
                        0    211     44
                        0    222     33
                        0    233     22
                        0    244     11
                        0    255      0
                        0    255      0
                       12    255      0
                       23    255      0
                       35    255      0
                       46    255      0
                       58    255      0
                       70    255      0
                       81    255      0
                       93    255      0
                      104    255      0
                      116    255      0
                      128    255      0
                      139    255      0
                      151    255      0
                      162    255      0
                      174    255      0
                      185    255      0
                      197    255      0
                      209    255      0
                      220    255      0
                      232    255      0
                      243    255      0
                      255    255      0
                      255    255      0
                      255    243      0
                      255    232      0
                      255    220      0
                      255    209      0
                      255    197      0
                      255    186      0
                      255    174      0
                      255    163      0
                      255    151      0
                      255    140      0
                      255    128      0
                      255    128      0
                      255    123      0
                      255    118      0
                      255    113      0
                      255    108      0
                      255    102      0
                      255     97      0
                      255     92      0
                      255     87      0
                      255     82      0
                      255     77      0
                      255     72      0
                      255     67      0
                      255     61      0
                      255     56      0
                      255     51      0
                      255     46      0
                      255     41      0
                      255     36      0
                      255     31      0
                      255     26      0
                      255     20      0
                      255     15      0
                      255     10      0
                      255      5      0
                      255      0      0
                      255      0      0
                      255      0      0
                      255      0      0
                      255      0      0
                      255      0      0
                      255      0      0
                      255      0      0
                      255      0      0
                      255      0      0
                      255      0      0
                      255      0      0
                      255      0      0
                      255      0      0
                      255      0      0
                      255      0      0
                      255      0      0
                      255      0      0
                      255      0      0
                      255    255    255
                      255    255    255
                      255    255    255
                      255    255    255
                      255    255    255
                      255    255    255
                      255    255    255
                      255    255    255
                      255    255    255
                      255    255    255
                      255    255    255
                      255    255    255
                      255    255    255
                      255    255    255
                      255    255    255
                      255    255    255
                      255    255    255
                      255    255    255
                      255    255    255
                      255    255    255
                      255    255    255
                      255    255    255
                      255    255    255
                      255    255    255
                      255    255    255
