! colormb.tbl
!
! Color table for IR imagery 
!
!Color name    Abrev   Red  Green   Blue  X color name
                         0      0      0
                         0      0      0
                         0      0      0
                         0      0      0
                         0      0      0
                         0      0      0
                         0      0      0
                         0      0      0
                         0      0      0
                         0      0      0
                         0      0      0
                         0      0      0
                         0      0      0
                         0      0      0
                         0      0      0
                         8      8      8
                        16     16     16
                        24     24     24
                        32     32     32
                        40     40     40
                        53     53     53
                        61     61     61
                        69     69     69
                        77     77     77
                        85     85     85
                        93     93     93
                        97     97     97
                       101    101    101
                       105    105    105
                       109    109    109
                       113    113    113
                       117    117    117
                       121    121    121
                       125    125    125
                       130    130    130
                       134    134    134
                       138    138    138
                       142    142    142
                       146    146    146
                       150    150    150
                       154    154    154
                       158    158    158
                       162    162    162
                       166    166    166
                       113    113    113
                       113    113    113
                       113    113    113
                       158    158    158
                       158    158    158
                       158    158    158
                        73     73     73
                       235    162      0
                       219    142      0
                       198    121      0
                       235      0      0
                       251      0      0
                        89     89     89
                        89     89     89
                        89     89     89
                        89     89     89
                        89     89     89
                        89     89     89
                        89     89     89
                        89     89     89
