                      15     15     15
                      21     21     21
                      27     27     27
                      33     33     33
                      39     39     39
                      45     45     45
                      51     51     51
                      57     57     57
                      63     63     63
                      69     69     69
                      75     75     75
                      81     81     81
                      87     87     87
                      93     93     93
                      99     99     99
                     105    105    105
                     111    111    111
                     117    117    117
                     123    123    123
                     129    129    129
                     135    135    135
                     141    141    141
                     147    147    147
                     153    153    153
                     159    159    159
                     165    165    165
                     171    171    171
                     177    177    177
                     183    183    183
                     189    189    189
                     195    195    195
                     201    201    201
                     207    207    207
                     213    213    213
                     219    219    219
                     225    225    225
                     231    231    231
                     237    237    237
                       0     65     65
                       0     77     77
                       0     89     89
                       0    101    101
                       0    113    113
                       0    125    125
                       0    137    137
                       0    149    149
                       0    161    161
                       0    173    173
                       0    185    185
                       0    197    197
                       0    209    209
                       0    221    221
                       0    233    233
                       0    245    245
                       0    255    255
                       0    255    245
                       0    255    235
                       0    255    225
                       0    255    215
                       0    255    205
                       0    255    195
                       0    255    185
                       0    255    175
                       0    255    165
                       0    255    155
                       0    255    145
                       0    255    135
                       0    255    125
                       0    255    115
                       0    255    105
                       0    255     95
                       0    255     85
                       0    255     75
                       0    255     65
                       0    255     55
                       0    255     45
                       0    255     35
                       0    255     25
                       0    255     15
                       0    255      5
                       0    255      0
                      10    255      0
                      20    255      0
                      30    255      0
                      40    255      0
                      50    255      0
                      60    255      0
                      70    255      0
                      80    255      0
                      90    255      0
                     100    255      0
                     110    255      0
                     120    255      0
                     130    255      0
                     140    255      0
                     150    255      0
                     160    255      0
                     170    255      0
                     180    255      0
                     190    255      0
                     200    255      0
                     210    255      0
                     220    255      0
                     230    255      0
                     240    255      0
                     250    255      0
                     255    255      0
                     255    235      0
                     255    215      0
                     255    195      0
                     255    175      0
                     255    155      0
                     255    135      0
                     255    115      0
                     255     95      0
                     255     75      0
                     255     55      0
                     255     35      0
                     255     15      0
                     255      0      0
                     245      0      0
                     235      0      0
                     225      0      0
                     215      0      0
                     205      0      0
                     195      0      0
                     185      0      0
                     175      0      0
