! seviri_rgb.tbl
!
!  Color lookup table -- test, ALM
!
!Color name    Abrev   Red  Green   Blue  X color name
                         4      2      4
                       147    139    140
                       145     11     24
                       147     71     52
                       178    204    117
                       149     15    171
                       145     78    169
                       217    143     38
                       121     80    124
                       203     22     35
                        64      4    182
                       207     79    152
                       195     20    158
                       175    205    161
                       211     77     34
                       212    142    157
                       102      9    179
                       144    108    164
                       146     43     39
                       143    141    215
                       153     46    170
                       116     44    176
                       218    173     37
                       219    206    161
                       216    111     41
                       153    170    224
                       170    105     50
                       225    205     48
                       205     45     35
                       228    242     52
                       146     14    102
                       144     79    216
                       144    110    221
                       199     47    154
                       211    174    160
                       176    236    157
                       145     46    108
                        80     71    207
                       144     13    220
                       146     48    211
                       109      6     16
                       100     10    223
                       114     40     13
                       212    111    156
                       229    144     38
                       145     80    106
                       230    174     41
                       214    110    106
                        67     39    205
                       122    104    199
                       170    177    132
                       179    237    116
                       123    103    129
                       219    241    161
                       229    175    159
                       200     24    102
                        63      8    237
                       209     77    105
                       155    108    112
                       203     48    101
                       113      9    105
                       167    143    196
                       204     77    247
                       176    206    218
                       198    142    221
                       111     45    208
                       222    207     90
                       224    242     86
                       195     49    239
                       205    109    246
                       120     77    203
                        60      9    121
                       168    141    128
                       197     12    225
                       176    237    224
                       215    142    106
                       215    174     99
                       192    175    205
                       118     47    111
                       172    175    195
                       229    144    100
                       229    175     94
                       228    168    252
                       176     16     30
                       181     74     25
                       174     78    169
                       229     83     41
                       174    110    170
                       181     42     22
                       229    113     39
                       176     19     99
                       170     79    211
                       171    110    209
                       180     44    103
                       177     77    109
