! dnbir_95tbl_fixed.tbl
!
!  Color lookup table -- test, ALM
!
!Color name    Abrev   Red  Green   Blue  X color name
                         8      9      9
                       120    119     18
                       176    176     17
                        64     64     20
                       119    119    146
                        65     66    143
                       176    176    143
                         4      2    146
                       147    148     17
                        91     91     20
                       147    148    146
                        93     93    146
                       201    202     17
                        36     36     20
                       201    202    139
                        41     40    140
                       119    119     79
                       176    175     78
                        64     64     78
                       120    120    205
                       147    148     77
                        91     91     81
                       144    145    206
                        93     92    206
                        40     40     74
                        66     67    202
                       174    174    210
                       201    202     78
                         4      2     79
                        40     39    208
                       201    202    216
                       134    134     36
                       190    190     33
                        78     77     37
                       134    133    159
                        80     79    157
                       161    162     33
                       105    105     41
                       161    162    146
                       104    105    156
                        49     50     31
                       134    133     90
                       190    190     96
                        79     78     91
                       134    134    210
                       161    162     92
                       105    105     98
                       159    160    244
                         4      2    205
                        23     23     21
                       190    190    141
                        25     24    138
                        51     52    141
                       104    105    210
                        51     51     84
                        82     81    200
                       190    189    227
                        26     25     78
                        50     51    249
                        23     22    252
                       220    218     44
                       220    218    145
                       220    218     97
                       220    218    217
                       147    147     47
                        91     91     47
                       146    146    173
                        92     92    172
                        37     37     42
                        43     41    174
                       148    148    112
                        91     91    111
                       150    150    243
                        95     95    233
                        40     39    107
                        38     38    251
                         4      2     42
                       119    119     48
                       176    176     45
                        64     64     45
                       119    119    173
                        67     68    169
                       175    174    167
                         4      2    172
                       119    119    111
                       176    176    114
                        64     64    111
                       120    120    234
                        63     63    251
                       174    173    241
                         4      2    112
                         4      2    251
                       201    202     45
                       201    202    116
                       203    203    238
