! seviri_rgb.tbl
!
!  Color lookup table -- test, ALM
!
!Color name    Abrev   Red  Green   Blue  X color name
                        28      3     13
                        42    141     65
                       143      8      5
                        35     81     16
                       160    144     13
                        21     82    163
                        39    204    252
                        43    139    154
                        10      3    160
                       146     81      6
                       174    196     12
                       154    143    163
                       105     81      8
                        92     84    160
                       147     87    163
                       101    140    158
                        83      5    156
                        97      5      5
                       106    141     20
                       200    152     14
                       201    154    172
                       201     81      6
                        39    112     17
                        31    110    164
                       104    113     15
                       103    116    163
                       153    115     11
                       217     86    162
                       166    169     12
                        40    169    170
                       167    166    157
                        99    168    159
                       152    116    165
                       110    167     23
                        16     51    164
                        32     50     14
                       105     50      6
                       204      3      5
                        87     52    159
                       141      6    142
                        45    161     49
                        26     81     99
                       154    142     93
                        20     85    245
                        94     84     96
                       102    139    243
                       102    142     98
                        34    111     99
                       156    208    252
                        88    195    166
                       215      6    122
                       196    207    252
                       200    117      6
                       210    114    163
                       108    235    252
                       206    196     14
                       142     50      5
                       140     54    150
                       206    173     16
                       201    172    203
                       201     50      5
                        42    232    252
                       156    237    252
                       214     52    132
                       194    238    252
                        13      3     97
                        35    140    250
                         8      5    229
                       145     86     93
                       147    142    237
                        85     88    235
                       148     91    218
                        81      7    213
                        87      4     93
                       208     84    111
                        33    111    248
                       102    115     98
                        97    115    244
                       151    115     97
                       166    168     96
                        35    175    249
                       161    175    246
                        96    174    246
                       143    113    228
                       105    166     95
                        11     52    238
                        21     51     98
                        91     52     95
                        84     53    218
                        99    208    252
                       204    119     90
                       207    117    228
                       170      4      4
                       169     50      5
                       171     57    145
