! seviri_rgb.tbl
!
!  Color lookup table -- test, ALM
!
!Color name    Abrev   Red  Green   Blue  X color name
                         6      2     41
                        49    140    154
                       160      2     88
                       145    142    109
                       164    203    124
                        33     75     48
                       144     77     61
                        15     80    186
                        52    202    155
                       205     77     55
                       206    143     88
                        82    140    121
                       208    204     98
                        76     86    174
                       144     86    148
                       109     80     46
                       222     84    133
                        79    143    197
                       223    144    140
                       143    144    159
                       240    208    148
                        89      2    107
                        82    171    211
                       105    202    144
                       159    202    183
                       248      2     84
                       144    111     87
                        80    111    106
                        89    115    165
                        36    112    175
                       205    111     76
                       209    241    163
                       207    173    143
                        52    169    159
                       143    114    148
                       205    115    143
                       141    175    188
                        98    200    201
                        21    105    103
                       167    170    107
                       204    173     93
                       162    245    169
                        14      2    181
                       102    171    119
                       112    171    210
                       109    144    193
                       164      2    143
                        98     83     93
                        86      2    156
                       244      2    149
                        27    251    114
                       210    235    101
                        13     49     49
                        83     53     88
                        75     50    165
                       166    237    128
                        98    243    136
                       104    242    175
                        11     47    187
                       162     54     62
                       221     54     53
                       224     49    127
                       157     49    132
                        52    199    215
                        51    168    219
                        46    245    232
                        50    140    203
                        42     84    103
                        81    114    208
                        51    112    210
                        49     85    183
                       113    141    116
                       111     87    164
                       112    112     99
                       176    144    110
                       175     76     60
                       251    207     85
                       175    144    156
                       175    112     90
                       175    173    159
                        52    109    114
                       252    249     85
                        48     53     75
                       115     54     76
                       112     50    145
                       249     79     45
                       250    144     73
                       174     85    150
                       249    112     66
                       251    248    146
                       247    176    134
                       174    114    145
                       243    116    136
                       250    175     76
                        47     50    174
