! falsecolorsnow_95tbl_fixed.tbl
!
!  Color lookup table -- test, ALM
!
!Color name    Abrev   Red  Green   Blue  X color name
                        49     12     13
                        54    142     33
                       156    142     44
                       146     23     26
                       158    207     43
                       157     79     47
                        60    207     31
                        55     80     31
                       168    143    159
                       162     83    153
                       158    210    166
                       159     20    159
                        59    215    179
                        59    146    162
                        61     83    165
                        69     16    175
                       242    206    175
                       216    146    153
                       213     84    157
                       208     83     91
                        96    215    175
                       218    141    111
                       232     11    165
                       213     22     61
                        91    142     37
                        93     80     35
                       216    206    104
                       102    145    162
                        97    203    111
                        86     15     15
                       105     82    162
                       158    234    173
                       224    237    173
                        92    111     37
                        93     42     38
                       235    181    156
                        89    177     36
                       164    179    161
                       157    110     45
                       153     44     45
                       212    115    150
                       158    176     44
                       103     19    169
                        93    243    227
                       165    114    150
                       100    181    164
                       159    236    100
                       222     48    190
                        57     42     35
                        54    181     96
                        57    236     92
                        52    112     73
                       160     49    169
                       208    113    104
                       238    176    115
                       210     49     71
                       218    236    103
                        63    241    223
                        59    180    168
                        61    114    160
                        69     47    163
                        97    235    100
                       104    113    155
                       106     46    165
                        57     19     88
                        53    144     99
                       162    143    101
                       155     23     92
                       153    203    112
                       164     81     92
                        62    201    114
                        51     84     86
                       167    145    207
                       163     82    207
                       162    216    207
                       163     18    208
                       240    216    205
                       224    146    212
                       227     82    214
                       243      7    230
                        93    145     95
                       101     80     95
                        92     22     89
                       160    244    232
                       238    243    232
                        97    112     96
                        98     49     83
                       222    181    209
                        91    181    104
                       168    180    206
                       168    110    103
                       158     52     84
                       225    113    214
                       154    180    105
                       165    113    207
