! gdpifog.tbl
!
! Color table for FOG imagery (Unidata)
!
!Color name    Abrev   Red  Green   Blue  X color name   IR10.7 - IR3.9  value range ( < -4)
                         0      0      0
                        14     10     10
                        69     47      0
                       124     84      0
                       180    120      0
                       120    120    180
                       100    100    192
                        80     80    204
                        60     60    216
                        40     40    228
                        20     20    241
                         0      0    255
                       120    192    120
                       132    204    132
                       144    216    144
                       156    228    156
                       168    241    168
                       180    255    180
                       180     60      0
                       195     73     12
                       210     87     24
                       225    101     36
                       240    114     48
                       255    127     60
                       127     30    127
                       120     24    120
                       112     18    112
                       105     12    105
                        97      6     97
                        90      0     90
                         0      0      0
                         0      0      0
                         0      0      0
                         0      0      0
                         0      0      0
                         0      0      0
                         0      0      0
                         0      0      0
                         0      0      0
                         0      0      0
                         0      0      0
                         0      0      0
                        12     12     12
                        24     24     24
                        36     36     36
                        48     48     48
                        60     60     60
                        72     72     72
                        84     84     84
                        96     96     96
                       108    108    108
                       120    120    120
                       132    132    132
                       144    144    144
                       156    156    156
                       168    168    168
                       180    180    180
                       192    192    192
                       204    204    204
                       216    216    216
                       228    228    228
                       240    240    240
                       252    252    252
