! gdpipw.tbl
!
! Color table for IR imagery
!
!Color name    Abrev   Red  Green   Blue  X color name 	PW value (inches)
                         0      0      0
                        60     15     15
                       100     30     30
                       150      0    150
                       105    105    105
                       155    155      0
                       190    190      0
                       180    120      0
                       184    140     92
                         0      0    120
                         0     40    160
                         0     40    160
                         0     40    160
                         0    120    200
                         0    120    200
                         0    120    200
                         0    188    240
                         0    188    240
                         0    252    252
                         0    252    252
                         0    252    252
                         0    252    252
                        84      0      0
                        84      0      0
                        84      0      0
                       168      0      0
                       168      0      0
                       168      0      0
                       252      0      0
                       252      0      0
                       252      0      0
                       252     80     80
                       252     80     80
                       252     80     80
                       252    140    140
                       252    140    140
                       252    140    140
                         0    252      0
                         0    252      0
                         0    252      0
                       120    252    120
                       120    252    120
                       120    252    120
                       180    252    180
                       255    255    255
                       255    255    255
                       255    255    255
                       255    255    255
                         0      0      0
                       110    110    110
                       116    116    116
                       122    122    122
                       128    128    128
                       148    148    148
                       155    155    155
                       162    162    162
                       170    170    170
                       190    190    190
                       220    220    220
                       240    240    240
                       243    243    243
                       246    246    246
                       249    249    249
                       252    252    252
