! gdpicape.tbl
!
! Color table for IR imagery
!
!Color name    Abrev   Red  Green   Blue  X color name   CAPE value range (J/kg)
                         0      0      0
                        14     10     10
                        69     47      0
                       124     84      0
                       180    120      0
                       120    120    180
                       100    100    192
                        80     80    204
                        60     60    216
                        40     40    228
                        20     20    241
                         0      0    255
                       120    120    120
                       147    147    132
                       174    174    144
                       201    201    156
                       228    228    168
                       255    255    180
                       180     60      0
                       195     73     12
                       210     87     24
                       225    101     36
                       240    114     48
                       255    127     60
                       127     30    127
                       120     24    120
                       112     18    112
                       105     12    105
                        97      6     97
                        90      0     90
                       255      0      0
                       238      0      0
                       221      0      0
                       204      0      0
                       187      0      0
                       170      0      0
                        20     20     20
                        22     22     22
                        25     25     25
                        27     27     27
                        30     30     30
                        32     32     32
                        35     35     35
                        37     37     37
                        40     40     40
                        42     42     42
                        45     45     45
                        47     47     47
                        50     50     50
                        52     52     52
                        55     55     55
                        57     57     57
                        60     60     60
                        80     80     85
                        95     95     98
                       110    110    111
                       125    125    125
                       145    145    145
                       190    190    190
                       210    210    210
                       221    221    221
                       232    232    232
                       243    243    243
                       255    255    255
