! gdpicinh.tbl
!
! Color table for IR imagery 
!
!Color name    Abrev   Red  Green   Blue  X color name
                         0      0      0 
                         0      0    207      
                       150      0      0 
                       255      0      0 
                       255    127      0 
                       180     80      0 
                       127     35     80 
                       127     35     58 
                       127     35     35 
                       255    255      0 
                       248    252      3 
                       241    249      6 
                       235    245      9 
                       228    242     13 
                       221    239     16 
                       215    235     19 
                       208    232     22 
                       201    229     26 
                       195    225     29 
                       188    222     32
                       181    219     35 
                       175    215     39 
                       168    212     42 
                       161    209     45 
                       155    205     48 
                       148    202     52 
                       141    199     55 
                       135    195     58
                       128    192     61 
                       121    189     65 
                       115    185     68 
                       108    182     71 
                       101    179     74
                        95    175     78 
                        88    172     81
                        81    169     84 
                        75    165     87 
                        68    162     91 
                        61    159     94 
                        55    155     97 
                        48    152    101
                        41    149    105 
                        35    145    109
                        28    142    112
                        21    139    116
                        15    135    120
                         8    131    123 
                         0    127    127
                        20     20     20
                        30     30     30 
                        40     40     40 
                        50     50     50 
                        60     60     60 
                        80     80     85
                        95     95     98
                       110    110    111 
                       125    125    125 
                       145    145    145
                       190    190    190
                       210    210    210 
                       221    221    221
                       233    233    233 
                       244    244    244 
                       255    255    255 
