! gdpili.tbl
!
! Color table for IR imagery
!
!Color name    Abrev   Red  Green   Blue  X color name	LI value range (C)
                         0      0      0
                         0      0      0
                         0      0      0
                         0    163    255
                         0    155    250
                         0    147    245
                         0    139    239
                         0    131    234
                         0    123    229
                         0    115    223
                         0    107    218
                         0     99    213
                         0     91    207
                         0     82    202
                         0     74    197
                         0     66    191
                         0     58    186
                         0     50    181
                         0     42    175
                         0     34    170
                         0     26    165
                         0     18    159
                         0      9    155
                         0      0    150
                         0    100      0
                         0    119      0
                         0    138      0
                         0    157      0
                         0    176      0
                         0    196      0
                       220    210      0
                       208    200      0
                       197    190      0
                       186    180      0
                       174    170      0
                       162    160      0
                       150    150      0
                       240      0      0
                       220      0      0
                       200      0      0
                       180      0      0
                       160      0      0
                       140      0      0
                       170      0    170
                       152      0    152
                       134      0    134
                       116      0    116
                        98      0     98
                        80      0     80
                       201    201    201
                       205    205    205
                       209    209    209
                       213    213    213
                       217    217    217
                       221    221    221
                       225    225    225
                       229    229    229
                       233    233    233
                       237    237    237
                       241    241    241
                       245    245    245
                       249    249    249
                       252    252    252
                       255    255    255
