                         0      3      0
                         3      5     12
                        20      4      3
                        19     10     31
                        18     12     37
                        24     12     26
                         1     19     36
                         6     20     55
                        29     21     45
                         1     30     49
                        27     27     24
                        21     28     33
                         6     39     56
                        43     36     58
                        29     42     49
                        40     41     38
                        17     46     62
                        38     44     73
                        63     41     39
                        52     44     51
                        57     47     16
                        71     43     27
                        54     50     26
                        32     58     19
                        30     56     71
                        41     57     29
                        56     50     70
                        41     58     40
                        53     54     50
                        42     57     65
                        57     71     33
                        47     70     81
                        72     64     82
                        55     72     57
                        60     68     82
                        65     69     63
                        58     73     44
                        81     66     58
                        66     69     74
                        89     68     38
                        77     75     50
                        74     77     58
                        58     79    108
                        95     75     55
                        64     85     96
                        77     82     97
                        88     79     96
                        80     84     76
                        79     83     90
                        96     81     69
                       106     96     68
                       118     92     74
                        87    100     87
                        76    100    129
                       100     95    110
                        88     99    107
                       114     94     83
                        98     98     91
                       106     98     80
                        54    113    120
                       136     98     68
                       135    105     86
                        88    115    147
                       130    108     98
                       115    110    125
                       112    113    107
                       105    114    121
                        97    133    144
                       144    123    114
                       125    127    144
                       127    129    123
                       127    128    135
                       156    125    105
                       107    137    175
                       167    130     97
                       138    143    161
                       125    149    152
                       159    141    134
                       144    146    141
                       145    145    151
                       151    161    179
                       188    156    124
                       161    161    167
                       163    162    157
                       136    168    211
                       202    171    140
                       179    178    174
                       177    178    183
                       191    190    191
                       164    196    238
                       217    189    161
                       188    194    204
                       201    200    201
                       214    212    210
                       213    212    216
                       228    226    228
