!   pw.tbl  
!
!   Color lookup table
!
!Color name    Abrev   Red  Green   Blue  X color name
                         0     04     04
                        15     08     08
                        31     11     11
                        43     14     14
                        55     17     17
                        67     20     20
                        79     23     23
                        91     26     26
                       103     29     29
                       115     32     32
                       127     35     35
                       134     39     37
                       138     45     40
                       142     51     44
                       147     57     48
                       151     63     52
                       156     69     56
                       160     75     60
                       165     81     64
                       169     87     68
                       174     93     72
                       178     99     76
                       183    105     80
                       187    111     84
                       192    147     88
                       196    117     92
                       201    123     96
                       205    129    100
                       210    135    104
                       214    141    108
                       219    147    112
                       220    150    109
                       221    154    106 
                       222    158    102
                       223    161     98
                       224    165     94
                       225    168     90
                       227    172     87
                       228    175     83
                       229    179     79
                       230    182     75
                       231    186     72
                       232    189     68
                       234    193     64
                       236    199     60
                       237    203     57
                       238    206     53
                       239    210     49
                       241    213     45
                       242    217     42
                       243    220     38
                       244    224     34
                       246    227     30
                       247    231     27
                       248    234     23
                       249    237     19
                       250    241     15
                       252    244     12
                       253    248      8
                       255    251      4
                       242    255      0
                       230    255      0
                       218    255      0
                       206    255      0
                       194    255      0
                       181    255      0
                       169    255      0
                       157    255      0
                       144    255      0
                       132    255      0
                       120    255      0
                       108    255      0
                        96    255      0
                        72    255      0
                        60    255      0
                        48    255      0
                        36    255      0
                        24    255      0
                        12    255      0
                         0    255      0
                         0    255     13
                         0    255     25
                         0    255     37
                         0    255     49
                         0    255     61
                         0    255     73
                         0    255     85
                         0    255     97
                         0    255    109
                         0    255    121
                         0    255    133
                         0    255    145 
                         0    255    157
                         0    255    169
                         0    255    181
                         0    255    193
                         0    255    205
                         0    255    217
                         0    255    229
                         0    255    242
                         0    255    255
                         0    242    255
                         0    230    255
                         0    218    255
                         0    206    255
                         0    194    255
                         0    181    255
                         0    169    255
                         0    157    255
                         0    144    255
                         0    132    255
                         0    120    255
                         0    108    255
                         0     96    255
                         0     72    255
                         0     60    255
                         0     48    255
                         0     36    255
                         0     24    255
                         0     12    255
                         0      0    255
                        17      5    253
                        25      9    251
                        33     13    250
                        41     17    248
                        49     21    246
                        57     25    245
                        65     29    243
                        73     33    241
                        81     37    240
                        89     42    238
                        98     46    236
                       106     50    235
                       114     54    233
                       122     58    231
                       130     62    230
                       138     67    228
                       146     71    226
                       154     75    225
                       162     79    222
                       170     84    220
                       181     90    219
                       190     94    217
                       198     98    216
                       206    102    214
                       214    106    212
                       222    110    210
                       230    114    208
                       239    118    206
                       247    122    204
                       255    127    203
                       252    122    201
                       249    118    199
                       246    115    197
                       243    112    195
                       240    108    193
                       237    105    191
                       234    102    192
                       230     99    190
                       227     96    188
                       224     93    186
                       221     90    185
                       218     86    183
                       215     83    180
                       212     80    179
                       208     77    177
                       205     74    175
                       202     71    173
                       199     68    171
                       196     65    169
                       193     62    167
                       190     59    165
                       187     55    163
                       183     52    161
                       180     49    159
                       177     46    157
                       174     43    155
                       171     40    153
                       168     37    151
                       165     34    149
                       163     31    147
                       159     27    145
                       155     24    143
                       151     21    141
                       147     18    139
                       143     15    137
                       139     12    135
                       136      9    133
                       133      6    131
                       130      3    129
                       127      0    127
                       114      0    114
                       101      0    101
                        88      0     88
                        75      0     75
                        62      0     62
                        49      0     49
                        36      0     36
                        23      0     23
                        13      0     13
                       127    127    127
                       129    129    129
                       131    131    131
                       134    134    134
                       136    136    136
                       138    138    138
                       141    141    141
                       143    143    143
                       145    145    145
                       148    148    148
                       150    150    150
                       152    152    152
                       155    155    155
                       158    158    158
                       160    160    160
                       162    162    162
                       165    165    165
                       167    167    167
                       169    169    169
                       172    172    172
                       174    174    174
                       177    177    177
                       179    179    179
                       181    181    181
                       184    184    184
                       186    186    186
                       189    189    189
                       191    191    191
                       193    193    193
                       196    196    196
                       198    198    198
                       200    200    200
                       203    203    203
                       205    205    205
                       207    207    207
                       210    210    210
                       212    212    212
                       214    214    214
                       217    217    217
                       219    219    219
                       221    221    221
                       224    224    224
                       226    226    226
                       228    228    228
                       231    231    231
                       233    233    233
                       235    235    235
                       238    238    238
                       240    240    240
                       243    243    243
                       245    245    245
                       247    247    247
                       250    250    250
                       252    252    252
                       254    254    254
                       255    255    255
