                         0      0      0
                         0      0      0
                         0      0      0
                         0      0      0
                         0      0      0
                         0      0      0
                         0      0      0
                         0      0      0
                         5      5      5
                        13     13     13
                        21     21     21
                        29     29     29
                        37     37     37
                        44     44     44
                        52     52     52
                        60     60     60
                        68     68     68
                        76     76     76
                        84     84     84
                        92     92     92
                        99     99     99
                       107    107    107
                       115    115    115
                       123    123    123
                       131    131    131
                       139    139    139
                       146    146    146
                       154    154    154
                       162    162    162
                       170    170    170
                       178    178    178
                       186    186    186
                         0    251    253
                         0    195    222
                         0    140    192
                         0     84    161
                         0     28    130
                         0     19    106
                         0     57     89
                         0     96     72
                         0    134     55
                         0    172     37
                         0    210     20
                         0    249      3
                        64    255      0
                       142    255      0
                       219    255      0
                       255    225      0
                       255    170      0
                       255    115      0
                       255     59      0
                       255      4      0
                       198      0      0
                       137      0      0
                        75      0      0
                        14      0      0
                        43     43     43
                        98     98     98
                       154    154    154
                       210    210    210
                       218    202    218
                       197    156    197
                       176    110    176
                       155     63    155
                       135     17    135
                       101     52    153
                        60    135    195
                         0      0      0
