!   bd.tbl          
!
!   Color lookup table                                          
!
!Color name    Abrev   Red  Green   Blue  X color name          
                         0      0      0
                         0      0      0
                         0      0      0
                         0      0      0
                         0      0      0
                         0      0      0
                         0      0      0
                         0      0      0
                         0      0      0
                         0      0      0
                         0      0      0
                         0      0      0
                         0      0      0
                         0      0      0
                         0      0      0
                         0      0      0
                         0      0      0
                         0      0      0
                         0      0      0
                         0      0      0
                         0      0      0
                         0      0      0
                         0      0      0
                         0      0      0
                         0      0      0
                         0      0      0
                         0      0      0
                         0      0      0
                         0      0      0
                         0      0      0
                         0      0      0
                         0      0      0
                         0      0      0
                         0      0      0
                         0      0      0
                         0      0      0
                         0      0      0
                         0      0      0
                         0      0      0
                         0      0      0
                         0      0      0
                         0      0      0
                         0      0      0
                         0      0      0
                         0      0      0
                         0      0      0
                         0      0      0
                         0      0      0
                         0      0      0
                         0      0      0
                         0      0      0
                         0      0      0
                         0      0      0
                         0      0      0
                         0      0      0
                         0      0      0
                         0      0      0
                         0      0      0
                         0      0      0
                         6      6      6
                        13     13     13
                        20     20     20
                        27     27     27
                        34     34     34
                        41     41     41
                        48     48     48
                        55     55     55
                        62     62     62
                        69     69     69
                        76     76     76
                        83     83     83
                        90     90     90
                        97     97     97
                       104    104    104
                       111    111    111
                       118    118    118
                       125    125    125
                       132    132    132
                       139    139    139
                       146    146    146
                       153    153    153
                       160    160    160
                       167    167    167
                       174    174    174
                       181    181    181
                       188    188    188
                       194    194    194
                       200    200    200
                       206    206    206
                       212    212    212
                       218    218    218
                       224    224    224
                       230    230    230
                       236    236    236
                       242    242    242
                       248    248    248
                       254    254    254
                       112    112    112
                       114    114    114
                       116    116    116
                       118    118    118
                       120    120    120
                       122    122    122
                       124    124    124
                       126    126    126
                       128    128    128
                       130    130    130
                       132    132    132
                       134    134    134
                       136    136    136
                       138    138    138
                       140    140    140
                       141    141    141
                       142    142    142
                       143    143    143
                       144    144    144
                       145    145    145
                       146    146    146
                       147    147    147
                       148    148    148
                       149    149    149
                       150    150    150
                       151    151    151
                       152    152    152
                       153    153    153
                       154    154    154
                       155    155    155
                       156    156    156
                       157    157    157
                       158    158    158
                       159    159    159
                       160    160    160
                       161    161    161
                       162    162    162
                       163    163    163
                       164    164    164
                       165    165    165
                       166    166    166
                       167    167    167
                       168    168    168
                       169    169    169
                       170    170    170
                       171    171    171
                       172    172    172
                       173    173    173
                       174    174    174
                       175    175    175
                       176    176    176
                       177    177    177
                       178    178    178
                       179    179    179
                       180    180    180
                       181    181    181
                       182    182    182
                       183    183    183
                       184    184    184
                       185    185    185
                       186    186    186
                       187    187    187
                       188    188    188
                       189    189    189
                       190    190    190
                       191    191    191
                       192    192    192
                       193    193    193
                       194    194    194
                       195    195    195
                       196    196    196
                       197    197    197
                       198    198    198
                       199    199    199
                       200    200    200
                       201    201    201
                       202    202    202
                       203    203    203
                        64     64     64
                        64     64     64
                        64     64     64
                        64     64     64
                        64     64     64
                        64     64     64
                        64     64     64
                        64     64     64
                        64     64     64
                        64     64     64
                        64     64     64
                        64     64     64
                        64     64     64
                       112    112    112
                       112    112    112
                       112    112    112
                       112    112    112
                       112    112    112
                       112    112    112
                       112    112    112
                       112    112    112
                       112    112    112
                       112    112    112
                       112    112    112
                       160    160    160
                       160    160    160
                       160    160    160
                       160    160    160
                       160    160    160
                       160    160    160
                       160    160    160
                       160    160    160
                       160    160    160
                       160    160    160
                         0      0      0
                         0      0      0
                         0      0      0
                         0      0      0
                         0      0      0
                         0      0      0
                       255    255    255
                       255    255    255
                       255    255    255
                       255    255    255
                       255    255    255
                       255    255    255
                       136    136    136
                       136    136    136
                       136    136    136
                       136    136    136
                       136    136    136
                        88     88     88
                        88     88     88
                        88     88     88
                        88     88     88
                        88     88     88
                        88     88     88
                        88     88     88
                        88     88     88
                        88     88     88
                        88     88     88
                        88     88     88
                        88     88     88
                        88     88     88
                        88     88     88
                        88     88     88
                        88     88     88
                        88     88     88
                        88     88     88
                        88     88     88
                        88     88     88
                        88     88     88
                        88     88     88
                        88     88     88
                        88     88     88
                        88     88     88
                        88     88     88
                        88     88     88
                        88     88     88
                        88     88     88
                        88     88     88

