!   bd_cc.tbl          
!
!   Color lookup table                                          
!
!Color name    Abrev   Red  Green   Blue  X color name          
                         0      0      0
                         0      0      0
                         0      0      0
                         0      0      0
                         0      0      0
                         0      0      0
                         0      0      0
                         0      0      0
                         0      0      0
                         0      0      0
                         0      0      0
                         0      0      0
                         0      0      0
                         0      0      0
                         0      0      0
                         0      0      0
                         0      0      0
                         0      0      0
                         0      0      0
                         0      0      0
                         0      0      0
                         0      0      0
                         0      0      0
                         0      0      0
                         0      0      0
                         0      0      0
                         0      0      0
                         0      0      0
                         0      0      0
                         0      0      0
                         0      0      0
                         0      0      0
                         0      0      0
                         0      0      0
                         0      0      0
                         0      0      0
                         0      0      0
                         0      0      0
                         0      0      0
                         0      0      0
                         0      0      0
                         0      0      0
                         0      0      0
                         0      0      0
                         0      0      0
                         0      0      0
                         0      0      0
                         0      0      0
                         0      0      0
                         0      0      0
                         0      0      0
                         0      0      0
                         0      0      0
                         0      0      0
                         0      0      0
                         0      0      0
                         0      0      0
                         0      0      0
                         0      0      0
                         6      6      6
                        13     13     13
                        20     20     20
                        27     27     27
                        34     34     34
                        41     41     41
                        48     48     48
                        55     55     55
                        62     62     62
                        69     69     69
                        76     76     76
                        83     83     83
                        90     90     90
                        97     97     97
                       104    104    104
                       111    111    111
                       118    118    118
                       125    125    125
                       132    132    132
                       139    139    139
                       146    146    146
                       153    153    153
                       160    160    160
                       167    167    167
                       174    174    174
                       181    181    181
                       188    188    188
                       194    194    194
                       200    200    200
                       206    206    206
                       212    212    212
                       218    218    218
                       224    224    224
                       230    230    230
                       236    236    236
                       242    242    242
                       248    248    248
                       254    254    254
                       103     73     73
                       106     76     76
                       108     78     78
                       111     81     81
                       113     83     83
                       116     86     86
                       118     88     88
                       121     91     91
                       124     94     94
                       126     96     96
                       129     99     99
                       131    101    101
                       134    104    104
                       136    106    106
                       139    109    109
                       141    111    111
                       143    113    113
                       145    115    115
                       146    116    116
                       148    118    118
                       150    120    120
                       152    122    122
                       154    124    124
                       156    126    126
                       157    127    127
                       159    129    129
                       161    131    131
                       163    133    133
                       165    135    135
                       167    137    137
                       168    138    138
                       170    140    140
                       172    142    142
                       174    144    144
                       176    146    146
                       178    148    148
                       180    150    150
                       181    151    151
                       183    153    153
                       185    155    155
                       187    157    157
                       189    159    159
                       191    161    161
                       192    162    162
                       194    164    164
                       196    166    166
                       198    168    168
                       200    170    170
                       202    172    172
                       203    173    173
                       205    175    175
                       207    177    177
                       209    179    179
                       211    181    181
                       213    183    183
                       214    184    184
                       216    186    186
                       218    188    188
                       220    190    190
                       222    192    192
                       224    194    194
                       226    196    196
                       227    197    197
                       229    199    199
                       231    201    201
                       233    203    203
                       235    205    205
                       237    207    207
                       238    208    208
                       240    210    210
                       242    212    212
                       244    214    214
                       246    216    216
                       248    218    218
                       249    219    219
                       251    221    221
                       253    223    223
                       255    225    225
                       160     35     35
                       160     35     35
                       160     35     35
                       160     35     35
                       160     35     35
                       160     35     35
                       160     35     35
                       160     35     35
                       160     35     35
                       160     35     35
                       160     35     35
                       160     35     35
                       160     35     35
                       255    110      0
                       255    110      0
                       255    110      0
                       255    110      0
                       255    110      0
                       255    110      0
                       255    110      0
                       255    110      0
                       255    110      0
                       255    110      0
                       255    110      0
                       255    225     50
                       255    225     50
                       255    225     50
                       255    225     50
                       255    225     50
                       255    225     50
                       255    225     50
                       255    225     50
                       255    225     50
                       255    225     50
                       160    210    255
                       160    210    255
                       160    210    255
                       160    210    255
                       160    210    255
                       160    210    255
                         0    191    255
                         0    191    255
                         0    191    255
                         0    191    255
                         0    191    255
                         0    191    255
                        65    105    225
                        65    105    225
                        65    105    225
                        65    105    225
                        65    105    225
                         0      0    150
                         0      0    150
                         0      0    150
                         0      0    150
                         0      0    150
                         0      0    150
                       255    255    255
                       255    255    255
                       255    255    255
                       255    255    255
                       255    255    255
                       255    255    255
                       255    255    255
                       255    255    255
                       255    255    255
                       255    255    255
                       255    255    255
                       255    255    255
                       255    255    255
                       255    255    255
                       255    255    255
                       255    255    255
                       255    255    255
                       255    255    255
                       255    255    255
                       255    255    255
                       255    255    255
                       255    255    255
                       255    255    255
                       255    255    255

