! roygbv.tbl
!
! Color table for IR imagery 
!
!Color name    Abrev   Red  Green   Blue  X color name
                         0      0      0
                        18      0     18
                        41      0     41
                        62      0     62
                        83      0     83
                       105      0    105
                       127      0    127
                       149      0    149
                       170      0    170
                       151      0    159
                       132      0    149
                       113      0    140
                        95      0    130
                        75      0    121
                        57      0    111
                        38      0    103
                        18      0     92
                         0      0     83
                         0     18     92
                         0     38    103
                         0     57    111
                         0     75    121
                         0     95    129
                         0    113    140
                         0    132    149
                         0    151    159
                         0    170    170
                         0    159    151
                         0    149    132
                         0    140    113
                         0    129     95
                         0    122     75
                         0    111     57
                         0    103     38
                         0     92     18
                         0     83      0
                        18     92      0
                        38    103      0
                        57    111      0
                        75    122      0
                        95    129      0
                       113    140      0
                       132    149      0
                       151    159      0
                       170    170      0
                       159    151      0
                       149    132      0
                       140    113      0
                       129     95      0
                       121     75      0
                       111     57      0
                       103     38      0
                        92     18      0
                        83      0      0
                       108      0      0
                       129      0      0
                       146      0      0
                       170      0      0
                         0      0      0
                         0      0      0
                         0      0      0
                         0      0      0
                         0      0      0
                         0      0      0
