! lingray.tbl
!
! Linear 128 gray scale table  
!
!Color name    Abrev   Red  Green   Blue  X color name
                         0      0      0 
                         0      0      0 
                         0      0      0 
                         0      0      0 
                         0      0      0 
                         0      0      0 
                         0      0      0 
                         0      0      0 
                         0      0      0 
                         0      0      0 
                         0      0      0 
                         0      0      0 
                         0      0      0 
                         0      0      0 
                         0      0      0 
                         5      5      5 
                        10     10     10 
                        15     15     15 
                        20     20     20 
                        25     25     25 
                        30     30     30 
                        35     35     35 
                        40     40     40 
                        45     45     45 
                        50     50     50 
                        55     55     55 
                        60     60     60 
                        65     65     65 
                        70     70     70 
                        75     75     75 
                        80     80     80 
                        85     85     85 
                        90     90     90 
                        95     95     95 
                       100    100    100 
                       105    105    105 
                       110    110    110 
                       115    115    115 
                       120    120    120
                       125    125    125 
                       130    130    130
                       135    135    135 
                       140    140    140 
                       145    145    145 
                       150    150    150 
                       155    155    155 
                       160    160    160 
                       165    165    165 
                       170    170    170 
                       175    175    175 
                       180    180    180 
                       185    185    185 
                       190    190    190 
                       195    195    195 
                       200    200    200 
                       204    204    204 
                       208    208    208 
                       212    212    212 
                       216    216    216 
                       220    220    220 
                       224    224    224 
                       228    228    228 
                       232    232    232 
                       236    236    236 
                       240    240    240 
                       244    244    244 
                       248    248    248 
                       252    252    252
                       255    255    255 
                         0     70     10 
                        10    100     30 
                        30    130     50
                        50    160     70
                        70    190     90
                        90    220    110
                       110    250    130
                        50      0      0
                       100      0      0 
                       150      0      0 
                       200      0      0 
                       250      0      0
                         0      0    100 
                        50     50    175
                       100    100    255
                       255    255    255
                       255    255    255 
                       255    255    255 
                       255    255    255 
                       255    255    255 
                       255    255    255 
                       255    255    255 
                       255    255    255 
                       255    255    255 
                       255    255    255 
