! nmcir.tbl
!
! Color table for IR imagery 
!
!Color name    Abrev   Red  Green   Blue  X color name
                         0      0      0 
                        16     16     16 
                        36     36     36 
                        53     53     53 
                        73     73     73 
                        89     89     89 
                       109    109    109 
                       125    125    125 
                       146    146    146 
                       162    162    162 
                       182    182    182 
                       198    198    198 
                       219    219    219 
                       235    235    235 
                       255    255    255 
                         0    182    255 
                         0    166    243 
                         0    150    231 
                         0    138    219 
                         0    121    206 
                         0    105    194 
                         0     93    182 
                         0     77    170 
                         0     61    158 
                         0     49    146 
                         0     32    134 
                         0     16    121 
                         0     61    154 
                         0     93    121 
                         0    121     93 
                         0    154     61 
                         0    186     28 
                         0    215      0 
                         0    255      0 
                        36    255      0 
                        73    255      0 
                       109    255      0 
                       146    255      0 
                       182    255      0 
                       219    255      0 
                       255    255      0 
                       255    231      0 
                       255    206      0 
                       255    182      0 
                       255    162      0 
                       255    138      0 
                       255    113      0 
                       255     89      0 
                       255     69      0 
                       255     45      0 
                       255     20      0 
                       255      0      0 
                         0      0      0 
                        20     20     20 
                        45     45     45 
                        69     69     69 
                        89     89     89 
                       113    113    113 
                       138    138    138 
                       162    162    162 
                       182    182    182 
                       206    206    206 
                       231    231    231 
                       251    251    251 
