! roygbv.tbl
!
! Color table for IR imagery 
!
!Color name    Abrev   Red  Green   Blue  X color name
                         0      0      0
                        28      0     28
                        61      0     61
                        93      0     93
                       125      0    125
                       158      0    158
                       190      0    190
                       223      0    223
                       255      0    255
                       227      0    239
                       198      0    223
                       170      0    210
                       142      0    194
                       113      0    182
                        85      0    166
                        57      0    154
                        28      0    138
                         0      0    125
                         0     28    138
                         0     57    154
                         0     85    166
                         0    113    182
                         0    142    194
                         0    170    210
                         0    198    223
                         0    227    239
                         0    255    255
                         0    239    227
                         0    223    198
                         0    210    170
                         0    194    142
                         0    182    113
                         0    166     85
                         0    154     57
                         0    138     28
                         0    125      0
                        28    138      0
                        57    154      0
                        85    166      0
                       113    182      0
                       142    194      0
                       170    210      0
                       198    223      0
                       227    239      0
                       255    255      0
                       239    227      0
                       223    198      0
                       210    170      0
                       194    142      0
                       182    113      0
                       166     85      0
                       154     57      0
                       138     28      0
                       125      0      0
                       162      0      0
                       194      0      0
                       219      0      0
                       255      0      0
                         0      0      0
                         0      0      0
                         0      0      0
                         0      0      0
                         0      0      0
                         0      0      0
