!   tpc.tbl  
!
!   Color lookup table
!
!Color name    Abrev   Red  Green   Blue  X color name
                         0      0      0
                         9      9      0
                        18     18      0
                        27     27      0
                        36     36      0
                        45     45      0
                        54     54      0
                        63     63      0
                        72     72      0
                        81     81      0
                        90     90      0
                        99     99      0
                       108    108      0
                       117    117      0
                       126    126      0
                       135    135      0
                       144    144      0
                       153    153      0
                       162    162      0
                       171    171      0
                       180    180      0
                       189    189      0
                       199    199      0
                       255    127      0
                       242    117      0
                       229    108      0
                       216     99      0
                       203     90      0
                       190     81      0
                       177     72      0
                       165     63      0
                       152     54      0
                       139     45      0
                       126     36      0
                       113     27      0
                       100     18      0
                        87      9      0
                        75      0      0
                        75      0      0
                        87      0      0
                       100      0      0
                       113      0      0
                       126      0      0
                       138      0      0
                       151      0      0
                       164      0      0
                       177      0      0
                       190      0      0
                       202      0      0
                       215      0      0
                       228      0      0
                       241      0      0
                       254      0      0
                       255     75     75
                       239     71     71
                       223     67     67
                       207     63     63
                       191     59     59
                       176     55     55
                       160     51     51
                       144     47     47
                       128     43     43
                       112     39     39
                        97     35     35
                        81     31     31
                        65     27     27
                        49     23     23
                        34     19     19
                        35     35     35
                        42     42     42
                        50     50     50
                        57     57     57
                        65     65     65
                        72     72     72
                        80     80     80
                        88     88     88
                        95     95     95
                       103    103    103
                       110    110    110
                       118    118    118
                       126    126    126
                       133    133    133
                       141    141    141
                       148    148    148
                       156    156    156
                       163    163    163
                       171    171    171
                       179    179    179
                       186    186    186
                       194    194    194
                       201    201    201
                       209    209    209
                       217    217    217
                       224    224    224
                       232    232    232
                       239    239    239
                       247    247    247
                       255    255    255
                       200    200    255
                       191    191    245
                       182    182    236
                       200    200    200
                       196    196    196
                       193    193    193
                       190    190    190
                       186    186    186
                       183    183    183
                       180    180    180
                       176    176    176
                       173    173    173
                       170    170    170
                       166    166    166
                       163    163    163
                       160    160    160
                       156    156    156
                       153    153    153
                       150    150    150
                       146    146    146
                       143    143    143
                       140    140    140
                       136    136    136
                       133    133    133
                       130    130    130
                       127    127    127
                         0      0      0
                       121    121    121
                       117    117    117
                       114    114    114
                       110    110    110
                       107    107    107
                       104    104    104
                       100    100    100
                        97     97     97
                        94     94     94
                        90     90     90
                        87     87     87
                        84     84     84
                        80     80     80
                        77     77     77
                        74     74     74
                        75     75     75
                        77     77     77
                        79     79     79
                        81     81     81
                        83     83     83
                        85     85     85
                        87     87     87
                        89     89     89
                        91     91     91
                        93     93     93
                        95     95     95
                        97     97     97
                        99     99     99
                       101    101    101
                       103    103    103
                       105    105    105
                       107    107    107
                       109    109    109
                       112    112    112
                       114    114    114
                       116    116    116
                       118    118    118
                       120    120    120
                       122    122    122
                       124    124    124
                       126    126    126
                       128    128    128
                       130    130    130
                       132    132    132
                       134    134    134
                       136    136    136
                       138    138    138
                       140    140    140
                       142    142    142
                       144    144    144
                       146    146    146
                       149    149    149
                       175    175    175
                       175    175    175
                       175    175    175
                       175    175    175
                       175    175    175
                       200    200    200
                       200    200    200
                       200    200    200
                       200    200    200
                       200    200    200
                         0      0    115
                         0     16    129
                         0     32    143
                         0     48    157
                         0     64    171
                         0     81    185
                         0     97    199
                         0    113    213
                         0    129    227
                         0    145    241
                         0    162    255
                        67    131     35
                        53    155     28
                        40    180     21
                        26    204     14
                        13    229      7
                         0    254      0
                       255    187      0
                       255    209      0
                       255    231      0
                       255    254      0
                       227    255     67
                       232    229     94
                       237    203    121
                       243    177    148
                       248    151    175
                       254    126    203
                       255      0      0
                       255     85     85
                       255    170    170
                       255    255    255
                       235    235    235
                       238    238    238
                       241    241    241
                       244    244    244
                       247    247    247
                       250    250    250
                       254    254    254
                       255    255    255
                       246    246    246
                       238    238    238
                       229    229    229
                       221    221    221
                       212    212    212
                       204    204    204
                       195    195    195
                       187    187    187
                       178    178    178
                       170    170    170
                       161    161    161
                       153    153    153
                       144    144    144
                       136    136    136
                       127    127    127
                       119    119    119
                       110    110    110
                       102    102    102
                        93     93     93
                        85     85     85
                        76     76     76
                        68     68     68
                        59     59     59
                        51     51     51
                        42     42     42
                        34     34     34
                        25     25     25
                        17     17     17
                         8      8      8
                         0      0      0
