!   tv1.tbl  
!
!   Color lookup table
!
!Color name    Abrev   Red  Green   Blue  X color name
                         0      0      0
                         0      0      0
                         0      0      0
                         0      0      0
                         0      0      0
                         0      0      0
                         0      0      0
                         0      0      0
                         0      0      0
                         0      0      0
                         0      0      0
                         0      0      0
                         0      0      0
                         0      0      0
                         0      0      0
                         0      0      0
                         0      0      0
                         0      0      0
                         0      0      0
                         0      0      0
                         0      0      0
                         0      0      0
                         0      0      0
                         0      0      0
                         0      0      0
                         0      0      0
                         0      0      0
                         0      0      0
                         0      0      0
                         0      0      0
                         0      0      0
                         0      0      0
                         0      0      0
                         0      0      0
                         0      0      0
                         0      0      0
                         0      0      0
                         0      0      0
                         0      0      0
                         0      0      0
                         0      0      0
                         0      0      0
                         0      0      0
                         0      0      0
                         0      0      0
                         0      0      0
                         0      0      0
                         0      0      0
                         0      0      0
                         0      0      0
                         0      0      0
                         0      0      0
                         0      0      0
                         0      0      0
                         0      0      6
                         0      0     12
                         0      0     18
                         0      0     24
                         0      0     30
                         0      0     36
                         0      0     42
                         0      0     48
                         0      0     54
                         0      0     60
                         0      0     66
                         0      0     72
                         0      0     78
                         0      0     84
                         0      0     90
                         0      0     96
                         0      0    102
                         0      0    108
                         0      0    114
                         0      0    120
                         0      0    126
                         0      0    132
                         0      0    138
                         0      0    144
                         0      0    150
                         0      0    156
                         0      0    162
                         0      0    168
                         0      0    174
                         0      0    180
                         0      0    186
                         0      0    192
                         0      0    198
                         0      0    204
                         0      0    210
                         0      0    216
                         0      0    222
                         0      0    228
                         0      0    234
                         0      0    255
                         0      6    249
                         0     12    243
                         0     18    237
                         0     24    231
                         0     30    225
                         0     36    219
                         0     42    213
                         0     48    207
                         0     54    201
                         0     60    195
                         0     66    189
                         0     72    183
                         0     78    177
                         0     84    171
                         0     90    165
                         0     96    159
                         0    102    153
                         0    108    147
                         0    114    141
                         0    120    135
                         0    126    129
                         0    132    123
                         0    138    117
                         0    144    111
                         0    150    105
                         0    156     99
                         0    162     93
                         0    168     87
                         0    174     81
                         0    180     75
                         0    186     69
                         0    192     63
                         0    198     57
                         0    204     51
                         0    210     45
                         0    216     39
                         0    222     33
                         0    228     27
                         0    234     21
                         0    255      0
                         6    249      0
                        12    243      0
                        18    237      0
                        24    231      0
                        30    225      0
                        36    219      0
                        42    213      0
                        48    207      0
                        54    201      0
                        60    195      0
                        66    189      0
                        72    183      0
                        78    177      0
                        84    171      0
                        90    165      0
                        96    159      0
                       102    153      0
                       108    147      0
                       114    141      0
                       120    135      0
                       126    129      0
                       132    123      0
                       138    117      0
                       144    111      0
                       150    105      0
                       156     99      0
                       162     93      0
                       168     87      0
                       174     81      0
                       180     75      0
                       186     69      0
                       192     63      0
                       198     57      0
                       204     51      0
                       210     45      0
                       216     39      0
                       222     33      0
                       228     27      0
                       234     21      0
                       255      0      0
                       255      6      6
                       255     12     12
                       255     18     18
                       255     24     24
                       255     30     30
                       255     36     36
                       255     42     42
                       255     48     48
                       255     54     54
                       255     60     60
                       255     66     66
                       255     72     72
                       255     78     78
                       255     84     84
                       255     90     90
                       255     96     96
                       255    102    102
                       255    108    108
                       255    114    114
                       255    120    120
                       255    126    126
                       255    132    132
                       255    138    138
                       255    144    144
                       255    150    150
                       255    156    156
                       255    162    162
                       255    168    168
                       255    174    174
                       255    180    180
                       255    186    186
                       255    192    192
                       255    198    198
                       255    204    204
                       255    210    210
                       255    216    216
                       255    222    222
                       255    228    228
                       255    234    234
                         0      0      0
                         0      0      0
                         0      0      0
                         0      0      0
                         0      0      0
                         0      0      0
                         0      0      0
                         0      0      0
                         0      0      0
                         0      0      0
                         0      0      0
                         0      0      0
                         0      0      0
                         0      0      0
                         0      0      0
                         0      0      0
                         0      0      0
                         0      0      0
                         0      0      0
                         0      0      0
                         0      0      0
                         0      0      0
                         0      0      0
                         0      0      0
                         0      0      0
                         0      0      0
                         0      0      0
                         0      0      0
                         0      0      0
                         0      0      0
                         0      0      0
                         0      0      0
                         0      0      0
                         0      0      0
                         0      0      0
                         0      0      0
                         0      0      0
                         0      0      0
                         0      0      0
                         0      0      0
                         0      0      0
                         0      0      0
                         0      0      0
