! unidata_ir.tbl
!
! Color table for IR imagery 
!
!Color name    Abrev   Red  Green   Blue  X color name
                         0      0      0 
                         0      0      0 
                         0      0      0 
                         0      0      0 
                         0      0      0 
                         0      0      0 
                         0      0      0 
                         0      0      0 
                         0      0      0 
                         8      8      8
                        16     16     16 
                        24     24     24 
                        28     28     28 
                        32     32     32 
                        36     36     36 
                        40     40     40 
                        44     44     44 
                        48     48     48 
                        52     52     52 
                        56     56     56 
                        60     60     60 
                        64     64     64 
                        68     68     68 
                        72     72     72 
                        78     78     78 
                        84     84     84 
                        90     90     90 
                        96     96     96 
                       102    102    102 
                       108    108    108
                       114    114    114
                       120    120    120
                       126    126    126
                       132    132    132
                       138    138    138
                       144    144    144
                       152    152    152
                       160    160    160
                       168    168    168
                       176    176    176
                       184    184    184
                       192    192    192
                       200    200    200
                       208    208    208
                       216    216    216
                       224    224    224
                       232    232    232
                       240    240    240
                       248    248    248
                       255    255    255
                       232    232    255
                       208    208    255
                       184    184    255
                       160    160    255
                       136    136    255
                       112    112    255
                        88     88    255
                        64     64    255
                        40     40    255
                       255    255     16
                       255    232     16
                       255    208     16
                       255    184     16
                       255    160     16
                       255    136     16
                       255    112     16
                       255     88     16
                       255     64     16
                       255     40     16
                       255     16     16
                       240     16     32
                       224     16     48
                       208     16     64
                       192     16     80
                       176     16     96
                       160     16    112
                       144     16    128
                       128     16    144
                       112     16    160
                        96     16    176
                       255    255    255
                       255    255    255
			 0      0      0
			 0      0      0
