!Color name    Abrev   Red  Green   Blue  X color name
                       000    000    000
                       000    000    000
                       000    000    000
                       000    000    000
                       000    000    000
                       000    000    000
                       000    000    000
                       000    000    000
                       000    000    000
                       000    000    000
                       000    000    000
                       000    000    000
                       000    000    000
                       000    000    000
                       000    000    000
                       000    000    000
                       000    000    000
                       000    000    000
                       000    000    000
                       000    000    000
                       000    000    000
                       000    000    000
                       000    000    000
                       000    000    000
                       000    000    000
                       000    000    000
                       000    000    000
                       000    000    000
                       000    000    000
                       000    000    000
                       000    000    000
                       000    000    000
                       002    002    002
                       004    004    004
                       006    006    006
                       008    008    008
                       010    010    010
                       012    012    012
                       014    014    014
                       016    016    016
                       018    018    018
                       020    020    020
                       022    022    022
                       024    024    024
                       026    026    026
                       028    028    028
                       030    030    030
                       032    032    032
                       034    034    034
                       036    036    036
                       038    038    038
                       040    040    040
                       042    042    042
                       044    044    044
                       046    046    046
                       048    048    048
                       050    050    050
                       052    052    052
                       054    054    054
                       056    056    056
                       058    058    058
                       060    060    060
                       062    062    062
                       064    064    064
                       066    066    066
                       068    068    068
                       070    070    070
                       072    072    072
                       074    074    074
                       076    076    076
                       078    078    078
                       080    080    080
                       083    083    083
                       086    086    086
                       089    089    089
                       092    092    092
                       095    095    095
                       098    098    098
                       101    101    101
                       104    104    104
                       107    107    107
                       110    110    110
                       113    113    113
                       116    116    116
                       119    119    119
                       122    122    122
                       125    125    125
                       128    128    128
                       131    131    131
                       134    134    134
                       137    137    137
                       140    140    140
                       143    143    143
                       146    146    146
                       149    149    149
                       152    152    152
                       155    155    155
                       158    158    158
                       161    161    161
                       164    164    164
                       167    167    167
                       170    170    170
                       173    173    173
                       176    176    176
                       179    179    179
                       182    182    182
                       185    185    185
                       188    188    188
                       191    191    191
                       194    194    194
                       197    197    197
                       200    200    200
                       203    203    203
                       206    206    206
                       209    209    209
                       212    212    212
                       215    215    215
                       218    218    218
                       221    221    221
                       224    224    224
                       227    227    227
                       230    230    230
                       233    233    233
                       236    236    236
                       239    239    239
                       242    242    242
                       245    245    245
                       248    248    248
