                       0      0      0
                     255      0    255
                     245      0    255
                     235      0    255
                     225      0    255
                     215      0    255
                     205      0    255
                     195      0    255
                     185      0    255
                     175      0    255
                     165      0    255
                     155      0    255
                     145      0    255
                     135      0    255
                     125      0    255
                     115      0    255
                     105      0    255
                      95      0    255
                      85      0    255
                      75      0    255
                      65      0    255
                      55      0    255
                      45      0    255
                      35      0    255
                      25      0    255
                      15      0    255
                       5      0    255
                       0      0    255
                       0     10    255
                       0     20    255
                       0     30    255
                       0     40    255
                       0     50    255
                       0     60    255
                       0     70    255
                       0     80    255
                       0     90    255
                       0    100    255
                       0    110    255
                       0    120    255
                       0    130    255
                       0    140    255
                       0    150    255
                       0    160    255
                       0    170    255
                       0    180    255
                       0    190    255
                       0    200    255
                       0    210    255
                       0    220    255
                       0    230    255
                       0    240    255
                       0    250    255
                       0    255    255
                       0    255    235
                       0    255    215
                       0    255    195
                       0    255    175
                       0    255    155
                       0    255    135
                       0    255    115
                       0    255     95
                       0    255     75
                       0    255     55
                       0    255      0
                       0    230      0
                       0    205      0
                       0    180      0
                       0    155      0
                       0    130      0
                      15    105      0
                      30     80      0
                      65     65      0
                      90     90      0
                     115    115      0
                     140    140      0
                     165    165      0
                     190    190      0
                     215    215      0
                     240    240      0
                     255    255      0
                     255    230      0
                     255    205      0
                     255    180      0
                     255    155      0
                     255    130      0
                     255    105      0
                     255     80      0
                     255     55      0
                     255     30      0
                     255      5      0
                     255      0      0
                     235      0      0
                     215      0      0
                     195      0      0
                     175      0      0
                     155      0      0
                     135      0      0
                     115      0      0
                      95      0      0
                      15     15     15
                      23     23     23
                      31     31     31
                      39     39     39
                      47     47     47
                      55     55     55
                      63     63     63
                      71     71     71
                      79     79     79
                      87     87     87
                      95     95     95
                     103    103    103
                     111    111    111
                     119    119    119
                     127    127    127
                     135    135    135
                     143    143    143
                     151    151    151
                     159    159    159
                     167    167    167
                     175    175    175
                     183    183    183
                     191    191    191
                     199    199    199
                     207    207    207
                     215    215    215
                     223    223    223
                     231    231    231
