! lingray.tbl
!
! Linear 128 gray scale table  
!
!Color name    Abrev   Red  Green   Blue  X color name
                         0      0      0 
                         0      0      0 
                         0      0      0 
                         0      0      0 
                         0      0      0 
                         0      0      0 
                         0      0      0 
                         0      0      0 
                         0      0      0 
                         0      0      0 
                         0      0      0 
                         0      0      0 
                         0      0      0 
                         0      0      0 
                         0      0      0 
                         0      0      0 
                         0      0      0 
                         0      0      0 
                         3      3      3 
                         6      6      6 
                         9      9      9 
                        12     12     12 
                        15     15     15 
                        18     18     18 
                        21     21     21 
                        24     24     24 
                        27     27     27 
                        30     30     30 
                        33     33     33 
                        36     36     36 
                        39     39     39 
                        42     42     42 
                        45     45     45 
                        48     48     48 
                        51     51     51 
                        54     54     54 
                        57     57     57 
                        60     60     60
                        63     63     63 
                        69     69     69
                        75     75     75 
                        81     81     81 
                        87     87     87 
                        93     93     93 
                        99     99     99
                       105    105    105 
                       111    111    111
                       117    117    117 
                       123    123    123 
                       129    129    129 
                       135    135    135 
                       141    141    141 
                       147    147    147 
                       153    153    153 
                       159    159    159 
                       162    162    162 
                       168    168    168 
                       174    174    174
                       180    180    180
                       186    186    186
                       192    192    192
                       198    198    198
                       204    204    204
                       210    210    210
                       216    216    216
                       222    222    222
                       228    228    228 
                       234    234    234 
                       240    240    240 
                       246    246    246 
                       252    252    252
                       255    255    255 
                        20     20     20 
                        40     40     40 
                        60     60     60 
                        80     80     80
                       100    100    100 
                       120    120    120 
                       140    140    140 
                       160    160    160
                       180    180    180
                       200    200    200
                       220    220    220 
                       240    240    240 
                       255    255    255 
                         0    120    120 
                         0    180    180 
                         0    250    250 
                        20      0      0 
                       110      0      0 
                       180      0      0 
                       250      0      0 
                         0    255      0 
                         0    255      0 
                       255    255      0 
                       255    255    255 
                       255    255    255 
                       255    255    255 
                       255    255    255 
                       255    255    255 
                       255    255    255 
