! lingray.tbl
!
! Linear 128 gray scale table  
!
!Color name    Abrev   Red  Green   Blue  X color name
                         0      0      0 
                         2      2      2 
                         4      4      4 
                         6      6      6 
                         8      8      8 
                        10     10     10 
                        12     12     12 
                        14     14     14 
                        16     16     16 
                        18     18     18 
                        20     20     20 
                        22     22     22 
                        24     24     24 
                        26     26     26 
                        28     28     28 
                        30     30     30 
                        32     32     32 
                        34     34     34 
                        36     36     36 
                        38     38     38 
                        40     40     40 
                        42     42     42 
                        44     44     44 
                        46     46     46 
                        48     48     48 
                        50     50     50 
                        52     52     52 
                        54     54     54 
                        56     56     56 
                        58     58     58 
                        60     60     60 
                        62     62     62 
                        64     64     64 
                        66     66     66 
                        68     68     68 
                        70     70     70 
                        72     72     72 
                        74     74     74 
                        76     76     76 
                        78     78     78 
                        80     80     80 
                        82     82     82 
                        84     84     84 
                        86     86     86 
                        88     88     88 
                        90     90     90 
                        92     92     92 
                        94     94     94 
                        96     96     96 
                        98     98     98 
                       100    100    100 
                       102    102    102 
                       104    104    104 
                       106    106    106 
                       108    108    108 
                       110    110    110 
                       112    112    112 
                       114    114    114 
                       116    116    116 
                       118    118    118 
                       120    120    120 
                       122    122    122 
                       124    124    124 
                       126    126    126 
                       129    129    129 
                       131    131    131 
                       133    133    133 
                       135    135    135 
                       137    137    137 
                       139    139    139 
                       141    141    141 
                       143    143    143 
                       145    145    145 
                       147    147    147 
                       149    149    149 
                       151    151    151 
                       153    153    153 
                       155    155    155 
                       157    157    157 
                       159    159    159 
                       161    161    161 
                       163    163    163 
                       165    165    165 
                       167    167    167 
                       169    169    169 
                       171    171    171 
                       173    173    173 
                       175    175    175 
                       177    177    177 
                       179    179    179 
                       181    181    181 
                       183    183    183 
                       185    185    185 
                       187    187    187 
                       189    189    189 
                       191    191    191 
                       193    193    193 
                       195    195    195 
                       197    197    197 
                       199    199    199 
                       201    201    201 
                       203    203    203 
                       205    205    205 
                       207    207    207 
                       209    209    209 
                       211    211    211 
                       213    213    213 
                       215    215    215 
                       217    217    217 
                       219    219    219 
                       221    221    221 
                       223    223    223 
                       225    225    225 
                       227    227    227 
                       229    229    229 
                       231    231    231 
                       233    233    233 
                       235    235    235 
                       237    237    237 
                       239    239    239 
                       241    241    241 
                       243    243    243 
                       245    245    245 
                       247    247    247 
                       249    249    249 
                       251    251    251 
                       253    253    253 
                       255    255    255 
