! micro89b.tbl
!
! Color table for microwave imagery
!
!Color name    Abrev   Red  Green   Blue  X color name
                         0      0      0
                         0      0      0
                         0      0      0
                         0      0      0
                         0      0      0
                         0      0      0
                         0      0      0
                         0      0      0
                         0      0      0
                         0      0      0
                         0      0      0
                         0      0      0
                         0      0      0
                         0      0      0
                         0      0      0
                         0      0      0
                         0      0      0
                         0      0      0
                         0      0      0
                         0      0      0
                         0      0      0
                        30     30      0
                        46     36      0
                        62     41      0
                        79     47      0
                        95     52      0
                       111     58      0
                       128     64      0
                       128     84      0
                       255      0      0
                       248     18      0
                       237     40      0
                       230     62      0
                       222     84      0
                       200    197     55
                       218    216     37
                       236    235     18
                       255    255      0
                         0    245      0
                         0    229      0
                         0    213      0
                         0    197      0
                         0    181      0
                         0    165      0
                         0    150      0
                         0    242    231
                         0    202    209
                         0    162    187
                         0    121    165
                         0     81    143
                         0     41    121
                         0      0    100
                        17      0     77
                        33      0     53
                        50      0     30
                        50      0     30
                        64      5     32
                        78     11     34
                        92     16     36
                       106     22     38
                       120     27     40
                       134     33     42
                       147     39     44
                       255    255    255
