! micropw.tbl
!
! Color table for microwave imagery
!
!Color name    Abrev   Red  Green   Blue  X color name	PW value (inches)
                         0      0      0
                         6      6      6
                        12     12     12
                        18     18     18
                        24     24     24
                        30     30     30
                        36     36     36
                        42     42     42
                        48     48     48
                        54     54     54
                        60     60     60
                        66     66     66
                        72     72     72
                        78     78     78
                        84     84     84
                        90     90     90
                        96     96     96
                       102    102    102
                       108    108    108
                       114    114    114
                       120    120    120
                       126    126    126
                       132    132    132
                       138    138    138
                       144    144    144
                       150    150    150
                       156    156    156
                       162    162    162
                       168    168    168
                       174    174    174
                       180    180    180
                       186    186    186
                       192    192    192
                       198    198    198
                       204    204    204
                       210    210    210
                       216    216    216
                       222    222    222
                       229    229    229
                       236    236    236
                       242    242    242
                       248    248    248
                       255    255    255
                       100    100      0
                       178    178      0
                       255    255      0
                         0      0    120
                         0     40    160
                         0    120    200
                         0    120    200
                         0    188    240
                         0    255    255
                        85      0      0
                       170      0      0
                       170      0      0
                       255      0      0
                         0    240      0
                       120    255    120
                       200    255    200
                       100    100    100
                       133    133    133
                       167    167    167
                       200    200    200
                       255    255    255
