! microrain.tbl
!
! Color table for microwave imagery
!
!Color name    Abrev   Red  Green   Blue  X color name   Rain Rate (inches/hour)
                         0      0      0
                         0      0      0
                         0      0      0
                         0      0      0
                         0      0      0
                         0      0      0
                         0      0      0
                         0      0      0
                         0      0      0
                         0      0      0
                         0      0      0
                         0      0      0
                         0      0      0
                         0      0      0
                         0      0      0
                         0      0      0
                         0      0      0
                         0      0      0
                         0      0      0
                         0      0      0
                         0      0      0
                         0      0      0
                         0      0      0
                         0      0      0
                         0      0      0
                         0      0      0
                        50     50     50
                        80     80     80
                       110    110    110
                       140    140    140
                       170    170    170
                       200    200    200
                         0    100    100
                         0    139    139
                         0    178    178
                         0    217    217
                         0    255    255
                         0      0    100
                         0      0    152
                         0      0    204
                         0      0    255
                         0    100      0
                         0    178      0
                         0    255      0
                       100    100      0
                       178    178      0
                       255    255      0
                       100     50      0
                       178    100      0
                       255    150      0
                       100      0      0
                       170      0      0
                       241      0      0
                       100      0    100
                       178      0    178
                       255      0    255
                       100    100    100
                       139    139    139
                       178    178    178
                       217    217    217
                       255    255    255
                       239    239    239
                       247    247    247
                       255    255    255
