! micro89a.tbl
!
! Color table for microwave 89ghz imagery
!
!Color name    Abrev   Red  Green   Blue  X color name
                         0      0      0
                         0      0      0
                         0      0      0
                         0      0      0
                         0      0      0
                         0      0      0
                         0      0      0
                         0      0      0
                         0      0      0
                         0      0      0
                         0      0      0
                         0      0      0
                         0      0      0
                         0      0      0
                         0      0      0
                         0      0      0
                         0      0      0
                         0      0      0
                         0      0      0
                         0      0      0
                         0      0      0
                         0      0      0
                         0      0      0
                         0      0      0
                         0      0      0
                         3      2      0
                        17      9      0
                        31     16      0
                        45     23      0
                        59     30      0
                        73     37      0
                        87     44      0
                       101     51      0
                       115     58      0
                       129     65      0
                       143     72      0
                       157     79      0
                       171     86      0
                       185     93      0
                       199    100      0
                       213    107      0
                       227    114      0
                       241    121      0
                       255    127      0
                       255    127      0
                       255    159      0
                       255    191      0
                       255    223      0
                       255    255      0
                       255    255      0
                       127    127    127
                         0      0    255
                         0      0    255
                       255    255    255
                       255    255    255
                       221    221    221
                       187    187    187
                       153    153    153
                       119    119    119
                        85     85     85
                        50     50     50
                        14     14     14
                       255    255    255
                       255    255    255
