! seviri_rgb.tbl
!
!  Color lookup table -- test, ALM
!
!Color name    Abrev   Red  Green   Blue  X color name
                        14     18     23
                        19    143    134
                       139    146    132
                       144    198    161
                        25    204    176
                       119     68     50
                       204    204    164
                        23     69     65
                        88    136     70
                        29     91    152
                       202    144    116
                        81    154    151
                        71     74     51
                       142    238    154
                       143    156    158
                       208    245    124
                        85    196    162
                        89    104     60
                        80    240    223
                       142    171     81
                        79    176    160
                       146    206    189
                       207    249    237
                        82    165    138
                       139    103     85
                        65     44     36
                       145    244    225
                        28    176    155
                       203    211    194
                        50     99     64
                       174    108     87
                       115    140    125
                       145    177    164
                        79    206    188
                       243    253    243
                        88    110     99
                       113    176    161
                       182    135    110
                       173    208    191
                        81     86     82
                       177    244    228
                        25     39     42
                       119    109    117
                        74    102    137
                       114    229    194
                       209    172    144
                       170    180    167
                       111    207    187
                        22    241    226
                        22    143    240
                        37    111    167
                        22    177    221
                       204    184    177
                        24    211    225
                       114    153    151
                       170    172    142
                       150     88     68
                        46     84     81
                       113    166    137
                        40     58     70
                        56    143    129
                       177    200    156
                       180    238    114
                        54    239    226
                        48    110     98
                        28    118    206
                        88    120    142
                       237    205    165
                       242    251    147
                       112    198    161
                        49    142    224
                        72     58     44
                       169    156    159
                       239    211    193
                       230    178    154
                        57    187    187
                       237    185    177
                        57    200    183
                        57    214    202
                       136    118     99
                       123    123    118
                        57    174    160
                        36     30     32
                       208    157    143
                        78    143    126
                        80    150    214
                       144    167    143
                        82    173    238
                       111    177    224
                       111    243    226
                        48     71     44
                        99     75     57
                        45     48     43
                       123     83     65
                       177    121     98
