                         0      0      0
                         3    254      3
                         2    231      2
                         2    198      2
                         2    198      2
                         2    175      2
                         1    144      1
                       120    149    120
                       149    117    117
                       134      0      0
                       160      0      0
                       183      0      0
                       216      0      0
                       239      0      0
                       254      0      0
                       141      0    157
