! upc_full256.tbl
!
                         0      0       0
                         0      0       0
                         0      0       0
                         0      0       0
                         0      0       0
                         0      0       0
                         0      0       0
                       131     108    146
                       149     111    143
                       150     115    140
                       152     118    137
                       154     122    134
                       155     125    131
                       157     129    128
                       159     132    125
                       160     136    122
                       162     139    119
                       150     145     83
                       156     152     93
                       161     158    102
                       167     165    112
                       173     172    122
                       178     178    131
                       184     185    141
                       190     191    151
                       195     198    160
                       201     205    170
                       210     212    180
                       203     206    180
                       196     200    180
                       189     194    180
                       183     188    180
                       176     181    180
                       169     175    180
                       162     169    180
                       155     163    180
                       148     157    180
                       148     155    181
                       139     149    179
                       131     142    176
                       122     136    174
                       114     129    172
                       105     123    169
                        97     116    167
                        88     110    165
                        80     104    162
                        71      97    160
                        65      91    158
                        68     104    162
                        72     117    166
                        75     130    170
                        78     143    174
                        82     156    179
                        85     169    183
                        89     182    187
                        92     195    191
                        95     208    195
                        89     214    179
                        81     207    162
                        73     200    145
                        65     193    128
                        57     187    110
                        48     180     93
                        40     173     76
                        32     166     59
                        24     159     42
                        16     152     25
                        11     141     15
                        34     148     14
                        58     156     13
                        81     163     12
                       105     170     10
                       128     177      9
                       152     185      8
                       175     192      7
                       199     199      6
                       222     206      5
                       255     226      0
                       255     216      0
                       255     205      0
                       255     195      0
                       255     185      0
                       255     174      0
                       255     164      0
                       255     154      0
                       255     143      0
                       255     133      0
                       255       0      0
                       240       0      0
                       225       0      0
                       210       0      0
                       195       0      0
                       180       0      0
                       165       0      0
                       150       0      0
                       135       0      0
                       120       0      0
                       255     255    255
                       252     229    252
                       249     204    249
                       246     178    246
                       242     152    243
                       239     127    240
                       236     101    237
                       233     75     234
                       230     50     231
                       227     24     228
                       178     0     255
                       170     0     251
                       161     0     246
                       153     0     242
                       145     0     238
                       136     0     233
                       128     0     229
                       120     0     225
                       111     0     220
                       103     0     216
                         5    236    240
                         5    215    218
                         4    193    196
                         4    172    174
                         3    150    152
                         3    129    131
                         2    107    109
                         2     86     87
                         2     64     65
                         1     43     43
                         0      0       0
                         0      0       0
                         0      0       0
                         0      0       0
                         0      0       0
