! seviri_rgb.tbl
!
!  Color lookup table -- test, ALM
!
!Color name    Abrev   Red  Green   Blue  X color name
                        30      2     23
                        52    141    105
                       156      2     28
                        59     76     34
                       154     78     33
                       157    145     33
                       141    205     91
                        21      2    162
                       154      2    159
                        45     82    153
                       153     80    166
                       154    145    161
                       101      3    161
                       202      3    163
                        97     79    165
                       203     80    158
                        99     48    165
                       189    146    153
                       154     48    167
                       153    111    166
                        90    110    167
                       145    201    175
                       205      2     38
                       100      2     23
                       155     47     35
                       207    149     46
                       195     81     71
                       108     47     25
                       110     78     27
                        45     49    152
                       163    173    156
                       154    110     27
                        98      5    232
                        97     48    241
                       109     79    240
                       152     48    233
                       143     81    233
                       151      3    228
                       143    109    234
                       108    110     24
                       207    205     44
                       194    207    164
                       114    105    238
                       188    175    149
                       168    179     46
                       157      2     92
                       154    140    225
                       151     48     94
                        95    186    105
                        44    135    155
                        94    136    171
                       101    140     97
                        60     40     25
                        48    109    101
                        46    113    156
                       203     48    234
                       203     49     66
                       169    241     72
                       170    232    176
                       202    114    165
                       208    176     45
                       204    241     63
                       198    114     69
                       197    239    144
                        98    227     50
                       102    163    153
                       103    167     99
                        24      2     98
                        44     80    102
                       153    144    105
                        29      3    234
                        56     72    245
                       200      4    249
                       203      2     87
                       104      2     98
                       101     48    102
                        97     80    100
                        52     45    245
                        99    111    100
                       156    177    102
                        43     50    102
                        58     99    231
                       170    207     80
                       170    205    184
                        57    162    108
                       152     80     94
                       200     74    238
                       188    145    224
                       198    145     78
                       163    177    211
                       155    112     99
                       187    173    218
                       199    176     79
                        49    158    152
                       204    208     76
