! omi_255.tbl
!
!  Color lookup table -- test, ALM
!
!Color name    Abrev   Red  Green   Blue  X color name
                         0      0      0
                         0      0      0
                         0      0      0
                         0      0      0
                         0      0      0
                         0      0      0
                         0      0      0
                         0      0      0
                         0      0      0
                         0      0      0
                         0      0      0
                         0      0      0
                         0      0      0
                         0      0      0
                         0      0      0
                         0      0      0
                         0      0      0
                         0      0      0
                         0      0      0
                         0      0      0
                         0      0      0
                         0      0      0
                         0      0      0
                         0      0      0
                         0      0      0
                         0      0      0
                         0      0      0
                         0      0      0
                         0      0      0
                         0      0      0
                         0      0      0
                         0      0      0
                         0      0      0
                         0      0      0
                         0      0      0
                         0      0      0
                         0      0      0
                         0      0      0
                         0      0      0
                         0      0      0
                         0      0      0
                         0      0      0
                         0      0      0
                         0      0      0
                         0      0      0
                         0      0      0
                         0      0      0
                         0      0      0
                         0      0      0
                         0      0      0
                         0      0      0
                         0      0      0
                         0      0      0
                         0      0      0
                         0      0      0
                         0      0      0
                         0      0      0
                         0      0      0
                         0      0      0
                         0      0      0
                         0      0      0
                         0      0      0
                         0      0      0
                         0      0      0
                         0      0      0
                         0      0      0
                         0      0      0
                         0      0      0
                         0      0      0
                         0      0      0
                         0      0      0
                         0      0      0
                         0      0      0
                         0      0      0
                         0      0      0
                         0      0      0
                         0      0      0
                         0      0      0
                         0      0      0
                         0      0      0
                         0      0      0
                         0      0      0
                         0      0      0
                         0      0      0
                         0      0      0
                         0      0      0
                         0      0      0
                         0      0      0
                         0      0      0
                         0      0      0
                         0      0      0
                         0      0      0
                         0      0      0
                         0      0      0
                         0      0      0
                         0      0      0
                         0      0      0
                         0      0      0
                         0      0      0
                         0      0      0
                         0      0      0
                         0      0      0
                       252    252    252
                       246    246    246
                       241    241    241
                       236    236    236
                       231    231    231
                       226    226    226
                       221    221    221
                       216    216    216
                       211    211    211
                       206    206    206
                       200    200    200
                       195    195    195
                       190    190    190
                       185    185    185
                       180    180    180
                       175    175    175
                       170    170    170
                       165    165    165
                       160    160    160
                       155    155    155
                       149    149    149
                       144    144    144
                       139    139    139
                       134    134    134
                       129    129    129
                       127    127    127
                       127    127    127
                       127    127    127
                       127    127    127
                       127    127    127
                       127    127    127
                       127    127    127
                       127    127    127
                       127    127    127
                       127    127    127
                       127    127    127
                       127    127    127
                       127    127    127
                       127    127    127
                       127    127    127
                       127    127    127
                       127    127    127
                       127    127    127
                       127    127    127
                       127    127    127
                       127    127    127
                       127    127    127
                       127    127    127
                       127    127    127
                       127    127    127
                       132    132    121
                       137    137    116
                       142    142    111
                       147    147    106
                       152    152    101
                       157    157     96
                       162    162     91
                       167    167     86
                       173    173     81
                       178    178     76
                       183    183     71
                       188    188     66
                       193    193     60
                       198    198     55
                       203    203     50
                       208    208     45
                       214    214     40
                       219    219     35
                       224    224     30
                       229    229     25
                       234    234     20
                       239    239     15
                       244    244     10
                       249    249      5
                       255    255      0
                       255    255      0
                       255    255      0
                       255    255      0
                       255    255      0
                       255    255      0
                       255    255      0
                       255    255      0
                       255    255      0
                       255    255      0
                       255    255      0
                       255    255      0
                       255    255      0
                       255    255      0
                       255    255      0
                       255    255      0
                       255    255      0
                       255    255      0
                       255    255      0
                       255    255      0
                       255    255      0
                       255    255      0
                       255    255      0
                       255    255      0
                       255    255      0
                       255    255      0
                       255    234      0
                       255    214      0
                       255    193      0
                       255    173      0
                       255    153      0
                       255    132      0
                       255    112      0
                       255     91      0
                       255     71      0
                       255     51      0
                       255     30      0
                       255     10      0
                       255      0      0
                       255      0      0
                       255      0      0
                       255      0      0
                       255      0      0
                       255      0      0
                       255      0      0
                       255      0      0
                       255      0      0
                       255      0      0
                       255      0      0
                       255      0      0
                       255      0      0
                       237      0      0
                       220      0      0
                       203      0      0
                       186      0      0
                       169      0      0
                       152      0      0
                       135      0      0
                       118      0      0
                       101      0      0
                        84      0      0
                        67      0      0
                        50      0      0
                        33      0      0
                        16      0      0
                         0      0      0
                         0      0      0
                         0      0      0
                         0      0      0
                         0      0      0
                         0      0      0
                         0      0      0
                         0      0      0
                         0      0      0
                         0      0      0
                         0      0      0
                         0      0      0
                         0      0      0
                         0      0      0
                         0      0      0
