! omi_255.tbl
!
!  Color lookup table -- test, ALM
!
!Color name    Abrev   Red  Green   Blue  X color name
                         0      0      0
                         0      0      0
                         0      0      0
                         0      0      0
                         0      0      0
                         0      0      0
                         0      1      0
                         0      1      0
                         0      1      0
                         0      1      0
                         0      1      0
                         0      2      0
                         0      2      0
                         0      2      0
                         0      2      0
                         0      2      0
                         0      3      0
                         0      3      0
                         0      3      0
                         0      3      0
                         0      3      0
                         0      4      0
                         0      4      0
                         0      4      0
                         0      4      0
                         0      4      0
                         0      5      0
                         0      5      0
                         0      5      0
                         0      5      0
                         0      5      0
                         0      5      0
                         0      5      0
                         0      5      0
                         0      5      0
                         0      5      0
                         0      5      0
                         0      5      0
                         0      5      0
                         0      5      0
                         0      5      0
                         0      5      0
                         0      5      0
                         0      5      0
                         0      5      0
                         0      5      0
                         0      5      0
                         0      5      0
                         0      5      0
                         0      5      0
                         0      5      0
                         0      5      0
                       254    230    225
                       252    227    227
                       250    224    230
                       249    222    232
                       247    219    235
                       245    216    237
                       244    214    240
                       242    211    242
                       240    208    245
                       239    206    247
                       237    203    250
                       235    200    252
                       234    198    255
                       234    198    255
                       234    198    255
                       234    198    255
                       234    198    255
                       234    198    255
                       234    198    255
                       234    198    255
                       234    198    255
                       234    198    255
                       234    198    255
                       234    198    255
                       234    198    255
                       232    196    255
                       231    195    255
                       230    193    255
                       228    192    255
                       227    190    255
                       226    189    255
                       224    187    255
                       223    186    255
                       222    184    255
                       220    183    255
                       219    181    255
                       218    180    255
                       217    179    255
                       217    179    255
                       217    179    255
                       217    179    255
                       217    179    255
                       217    179    255
                       217    179    255
                       217    179    255
                       217    179    255
                       217    179    255
                       217    179    255
                       217    179    255
                       217    179    255
                       211    181    254
                       198    185    252
                       186    189    251
                       173    194    249
                       161    198    248
                       148    203    246
                       136    207    245
                       124    211    244
                       111    216    242
                        99    220    241
                        86    225    239
                        74    229    238
                        62    234    237
                        62    234    237
                        62    234    237
                        62    234    237
                        62    234    237
                        62    234    237
                        62    234    237
                        62    234    237
                        62    234    237
                        62    234    237
                        62    234    237
                        62    234    237
                        62    234    237
                        57    229    238
                        52    225    239
                        47    221    241
                        43    217    242
                        38    213    244
                        33    209    245
                        28    204    247
                        24    200    248
                        19    196    249
                        14    192    251
                        10    188    252
                         5    184    254
                         3    182    255
                         3    182    255
                         3    182    255
                         3    182    255
                         3    182    255
                         3    182    255
                         3    182    255
                         3    182    255
                         3    182    255
                         3    182    255
                         3    182    255
                         3    182    255
                         3    182    255
                        12    187    238
                        22    193    221
                        32    199    204
                        42    205    187
                        51    211    170
                        61    217    153
                        71    222    136
                        81    228    119
                        90    234    102
                       100    240     85
                       110    246     68
                       120    252     51
                       125    255     43
                       125    255     43
                       125    255     43
                       125    255     43
                       125    255     43
                       125    255     43
                       125    255     43
                       125    255     43
                       125    255     43
                       125    255     43
                       125    255     43
                       125    255     43
                       125    255     43
                       131    255     43
                       137    255     43
                       143    255     43
                       149    255     43
                       156    255     43
                       162    255     43
                       168    255     43
                       174    255     43
                       181    255     43
                       187    255     43
                       193    255     43
                       199    255     43
                       203    255     43
                       203    255     43
                       203    255     43
                       203    255     43
                       203    255     43
                       203    255     43
                       203    255     43
                       203    255     43
                       203    255     43
                       203    255     43
                       203    255     43
                       203    255     43
                       203    255     43
                       207    245     39
                       211    235     36
                       215    225     32
                       219    215     29
                       223    205     25
                       227    195     22
                       232    186     18
                       236    176     15
                       240    166     12
                       244    156      8
                       248    146      5
                       252    136      1
                       255    132      0
                       255    132      0
                       255    132      0
                       255    132      0
                       255    132      0
                       255    132      0
                       255    132      0
                       255    132      0
                       255    132      0
                       255    132      0
                       255    132      0
                       255    132      0
                       255    132      0
                       255    123      0
                       255    114      0
                       255    105      0
                       255     96      0
                       255     87      0
                       255     79      0
                       255     70      0
                       255     61      0
                       255     52      0
                       255     43      0
                       255     35      0
                       255     26      0
                       255     17      0
                       255      8      0
                       255      0      0
                       255      0      0
                       255      0      0
                       255      0      0
                       255      0      0
                       255      0      0
                       255      0      0
                       255      0      0
                       255      0      0
                       255      0      0
                       255      0      0
                       255      0      0
                       255      0      0
                       255      0      0
                       255      0      0
