                      64     64      0
                      69     69      0
                      74     74      0
                      79     79      0
                      84     84      0
                      89     89      0
                      94     94      0
                      99     99      0
                     104    104      0
                     109    109      0
                     114    114      0
                     119    119      0
                     124    124      0
                     129    129      0
                     134    134      0
                     139    139      0
                     144    144      0
                     149    149      0
                     154    154      0
                     159    159      0
                     164    164      0
                     169    169      0
                     174    174      0
                     179    179      0
                     184    184      0
                     189    189      0
                     194    194      0
                     199    199      0
                     204    204      0
                     209    209      0
                     214    214      0
                     219    219      0
                     224    224      0
                     229    229      0
                     234    234      0
                     239    239      0
                     244    244      0
                     249    249      0
                     254    254      0
                     255    255      0
                     247    255      0
                     239    255      0
                     231    255      0
                     223    255      0
                     215    255      0
                     207    255      0
                     199    255      0
                     191    255      0
                     183    255      0
                     175    255      0
                     167    255      0
                     159    255      0
                     151    255      0
                     143    255      0
                     135    255      0
                     127    255      0
                     119    255      0
                     111    255      0
                     103    255      0
                      95    255      0
                      87    255      0
                      79    255      0
                      71    255      0
                      63    255      0
                      55    255      0
                      47    255      0
                      39    255      0
                      31    255      0
                      23    255      0
                      15    255      0
                       7    255      0
                       0    255      0
                       0    247      0
                       0    239      0
                       0    231      0
                       0    223      0
                       0    215      0
                       0    207      0
                       0    199      0
                       0    191      0
                       0    183      0
                       0    175      0
                       0    167      0
                       0    159      0
                       0    151      0
                       0    143      0
                       0    135      0
                       0    127      0
                       0    119      0
                       0    111      0
                       0    103      0
                       0     95      0
                       0     87      0
                       0     79      0
                       0     71      0
                       0     63      0
                       0     55      0
                       0     47      0
                       0     39      0
                       0     31      0
                       0     23      0
                      15     15     15
                      23     23     23
                      31     31     31
                      39     39     39
                      47     47     47
                      55     55     55
                      63     63     63
                      71     71     71
                      79     79     79
                      87     87     87
                      95     95     95
                     103    103    103
                     111    111    111
                     119    119    119
                     127    127    127
                     135    135    135
                     143    143    143
                     151    151    151
                     159    159    159
                     167    167    167
                     175    175    175
                     183    183    183
                     191    191    191
                     199    199    199
                     207    207    207
                     215    215    215
                     223    223    223
