! NRL_AA37H TABLE
!
! Color lookup table -- NRL_AA37H
!
! Color name   Abred  Red  Green  Blue  X Color
                        0      0     0
                        0      0     0
                       64     64    64
                      127      0   127
                      127      0   127
                      127      0   127
                        0      0     0
                        3      0     3
                        6      0     6
                        9      0     9
                       12      0    12
                       15      0    15
                       19      0    19
                       22      0    22
                       25      0    25
                       28      0    28
                       31      0    31
                       34      0    34
                       38      0    38
                       41      0    41
                       44      0    44
                       47      0    47
                       50      0    50
                       53      0    53
                       57      0    57
                       60      0    60
                       63      0    63
                       66      0    66
                       69      0    69
                       73      0    73
                       76      0    76
                       79      0    79
                       82      0    82
                       85      0    85
                       88      0    88
                       92      0    92
                       95      0    95
                       98      0    98
                      101      0   101
                      104      0   104
                      107      0   107
                      111      0   111
                      114      0   114
                      117      0   117
                      120      0   120
                      123      0   123
                      127      0   127
                        0      8   255
                        0     17   255
                        0     25   255
                        0     34   255
                        0     42   255
                        0     51   255
                        0     59   255
                        0     68   255
                        0     76   255
                        0     85   255
                        0     93   255
                        0    102   255
                        0    110   255
                        0    119   255
                        0    127   255
                        0    136   255
                        0    144   255
                        0    153   255
                        0    161   255
                        0    170   255
                        0    178   255
                        0    187   255
                        0    195   255
                        0    204   255
                        0    212   255
                        0    221   255
                        0    229   255
                        0    238   255
                        0    246   255
                        0    255   255
                        6    255   244
                       12    255   233
                       18    255   222
                       25    255   212
                       31    255   201
                       38    255   191
                       44    255   180
                       51    255   170
                       57    255   159
                       63    255   148
                       70    255   138
                       76    255   127
                       83    255   117
                       89    255   106
                       96    255    96
                      112    255    86
                      127    255    76
                      143    255    66
                      159    255    57
                      175    255    47
                      191    255    38
                      207    255    28
                      223    255    19
                      239    255     9
                      255    255     0
                      255    249     0
                      255    242     0
                      255    236     0
                      255    229     0
                      255    223     0
                      255    216     0
                      255    210     0
                      255    204     0
                      255    197     0
                      255    191     0
                      255    184     0
                      255    178     0
                      255    171     0
                      255    165     0
                      255    159     0
                      255    152     0
                      255    146     0
                      255    139     0
                      255    133     0
                      255    127     0
                      250    122     0
                      244    116     0
                      239    111     0
                      234    106     0
                      229    101     0
                      224     96     0
                      219     91     0
                      214     86     0
                      209     81     0
                      203     76     0
                      198     71     0
                      193     66     0
                      188     61     0
                      183     55     0
                      178     50     0
                      173     45     0
                      168     40     0
                      162     35     0
                      157     30     0
                      152     25     0
                      147     20     0
                      142     15     0
                      137     10     0
                      132      5     0
                      127      0     0
                      130      0     6
                      132      0    11
                      135      0    17
                      138      0    22
                      141      0    28
                      144      0    34
                      147      0    39
                      149      0    45
                      152      0    51
                      155      0    56
                      158      0    62
                      161      0    68
                      164      0    73
                      166      0    79
                      169      0    85
                      172      0    90
                      175      0    96
                      178      0   102
                      181      0   107
                      183      0   113
                      186      0   119
                      189      0   124
                      192      0   130
                      195      0   136
                      198      0   141
                      201      0   147
                      203      0   153
                      206      0   158
                      209      0   164
                      212      0   170
                      215      0   175
                      218      0   181
                      220      0   187
                      223      0   192
                      226      0   198
                      229      0   204
                      232      0   209
                      235      0   215
                      237      0   221
                      240      0   226
                      243      0   232
                      246      0   238
                      249      0   243
                      252      0   249
                      255      0   255
                      255      0   255
                      255      0   255
                      255      0   255
                        0      0     0
                      255    255   255
