! sabir.tbl
!
! Color table for IR imagery 
!
!Color name    Abrev   Red  Green   Blue  X color name
                         0      0      0 
                         0      0      0 
                         0      0      0 
                         0      0      0 
                         0      0      0 
                         0      0      0 
                         0      0      0 
                         0      0      0 
                         0      0      0 
                         0      0      0 
                         0      0      0 
                        20     20     20 
                        24     24     24 
                        32     32     32 
                        40     40     40 
                        49     49     49 
                        57     57     57 
                        65     65     65 
                        73     73     73 
                        81     81     81 
                        89     89     89 
                        93     93     93 
                       101    101    101 
                       109    109    109 
                       117    117    117 
                       125    125    125 
                       134    134    134 
                       142    142    142 
                       150    150    150 
                       158    158    158 
                       166    166    166 
                       170    170    170 
                       178    178    178 
                       186    186    186 
                       194    194    194 
                       202    202    202 
                       210    210    210 
                       219    219    219 
                       101    101      0 
                       121    121      0 
                       142    142      0 
                       166    166      0 
                       186    186      0 
                       210    210      0 
                       231    231      0 
                       251    251      0 
                         0      0    121 
                         0     40    162 
                         0    121    202 
                         0    190    243 
                         0    255    255 
                        85      0      0 
                       170      0      0 
                       255      0      0 
                       255     81     81 
                       255    142    142 
                         0    255      0 
                       121    255    121 
                       182    255    182 
                       255    255    255 
                       255    255    255 
                       255    255    255 
                       255    255    255 
                       255    255    255 
