! uw_cimms_sal.tbl
!
!  Color lookup table -- test, ALM
!
!Color name    Abrev   Red  Green   Blue  X color name
                         0      0      0
                       255    255      0
                       255    237      0
                       255    226      0
                       255    215      0
                       255    204      0
                       255    193      0
                       255    182      0
                       255    171      0
                       255    160      0
                       255    149      0
                       255    138      0
                       255    127      0
                       255    108      0
                       255     99      0
                       255     90      0
                       255     81      0
                       255     72      0
                       255     63      0
                       255     54      0
                       255     45      0
                       255     36      0
                       255     27      0
                       255     18      0
                       255      9      0
                       255      0      0
                       255     19     19
                       255     31     31
                       255     43     43
                       255     55     55
                       255     67     67
                       255     79     79
                       255     91     91
                       255    103    103
                       255    115    115
                       255    127    127
                       255    155    155
                       255    159    159
                       255    163    163
                       255    167    167
                       255    171    171
                       255    175    175
                       255    179    179
                       255    183    183
                       255    187    187
                       255    191    191
                       255    195    195
                       255    199    199
                       255    203    203
                       255    207    207
                       255    211    211
                       255    215    215
                       255    219    219
                       255    223    223
                       255    227    227
                       255    231    231
                       255    235    235
                       255    239    239
                       255    243    243
                       255    247    247
                       255    251    251
                       255    255    255
                        55     55     55
                        58     58     58
                        61     61     61
                        64     64     64
                        67     67     67
                        70     70     70
                        73     73     73
                        76     76     76
                        79     79     79
                        82     82     82
                        85     85     85
                        88     88     88
                        91     91     91
                        94     94     94
                        97     97     97
                       100    100    100
                       103    103    103
                       106    106    106
                       109    109    109
                       112    112    112
                       115    115    115
                       118    118    118
                       121    121    121
                       124    124    124
                       127    127    127
                       130    130    130
                       133    133    133
                       136    136    136
                       139    139    139
                       142    142    142
                       145    145    145
                       148    148    148
                       151    151    151
                       154    154    154
                       157    157    157
                       160    160    160
                       163    163    163
                       166    166    166
                       169    169    169
                       172    172    172
                       175    175    175
                       178    178    178
                       181    181    181
                       184    184    184
                       187    187    187
                       190    190    190
                       193    193    193
                       196    196    196
                       199    199    199
                       202    202    202
                       205    205    205
                       208    208    208
                       211    211    211
                       214    214    214
                       217    217    217
                       220    220    220
                       223    223    223
                       226    226    226
                       229    229    229
                       232    232    232
                       235    235    235
                       238    238    238
                       241    241    241
                       244    244    244
                       247    247    247
                       250    250    250
                       128    128    128
                       129    129    129
                       130    130    130
                       131    131    131
                       132    132    132
                       133    133    133
                       134    134    134
                       135    135    135
                       136    136    136
                       137    137    137
                       138    138    138
                       139    139    139
                       140    140    140
                       141    141    141
                       142    142    142
                        31     12     72
                        32     14     74
                        33     16     76
                        34     18     78
                        35     20     80
                        36     22     82
                        37     24     84
                        38     26     86
                        39     28     88
                        40     30     90
                        41     32     92
                        42     34     94
                        43     36     96
                        44     38     98
                        45     40    100
                        46     42    102
                        47     44    104
                        48     46    106
                        49     48    108
                        50     50    110
                        51     52    112
                        52     54    114
                        53     56    116
                        54     58    118
                        55     60    120
                        56     62    122
                        57     64    124
                        58     66    126
                        59     68    128
                        60     70    130
                        61     72    132
                        62     74    134
                        63     76    136
                        64     78    138
                        65     80    140
                        66     82    142
                        67     84    144
                        68     86    146
                        69     88    148
                        70     90    150
                        71     92    152
                        72     94    154
                        73     96    156
                        74     98    158
                        75    100    160
                        76    102    162
                        77    104    164
                        78    106    166
                        79    108    168
                        80    110    170
                        81    112    172
                        82    114    174
                        83    116    176
                        84    118    178
                        85    120    180
                        86    122    182
                        87    124    184
                        88    126    186
                        89    128    188
                        90    130    190
                        20     50      0
                        38     61      8
                        56     72     16
                        74     83     24
                        92     94     32
                       110    105     40
                       128    116     48
                       146    127     56
                       164    138     64
                       182    149     72
                       200    160     80
                       180    155     61
                       175    150     59
                       170    145     57
                       165    140     55
                       160    135     53
                       155    130     51
                       150    125     49
                       145    120     47
                       140    115     45
                       135    110     43
                       130    105     41
                       125    100     39
                       120     95     37
                       115     90     35
                       110     85     33
                       105     80     31
                       100     75     29
                        95     70     27
                        90     65     25
                        85     60     23
                        80     55     21
                        75     50     19
                        70     45     17
                        65     40     15
                        60     35     13
                        55     30     11
                        50     25      9
                        45     20      7
                        40     15      5
                       231    231    231
                       233    233    233
                       235    235    235
                       237    237    237
                       239    239    239
                       241    241    241
                       243    243    243
                       245    245    245
                         0      0      0
                       249    249    249
                       251    251    251
                       253    253    253
                       255    255    255
