                         0      0      0
                       217    162    115
                       212    158    112
                       207    154    109
                       202    150    105
                       197    146    102
                       191    142     98
                       186    138     95
                       181    134     91
                       176    130     88
                       171    126     84
                       165    122     81
                       160    118     77
                       155    114     74
                       150    110     70
                       145    106     67
                       139    101     63
                       134     97     60
                       129     93     57
                       124     89     53
                       119     85     50
                       113     81     46
                       108     77     43
                       103     73     39
                        98     69     36
                        93     65     32
                        87     61     29
                        82     57     25
                        77     53     22
                        72     49     18
                        81     80    150
                        83     82    153
                        85     84    156
                        87     86    159
                        90     89    162
                        92     91    166
                        94     93    169
                        97     95    172
                        99     98    175
                       101    100    179
                       104    102    182
                       106    104    185
                       108    107    188
                       111    109    191
                       113    111    195
                       115    113    198
                       118    116    201
                       120    118    204
                       122    120    208
                       125    122    211
                       127    125    214
                       129    127    217
                       132    129    220
                       134    131    224
                       136    134    227
                       139    136    230
                       141    138    233
                       143    140    237
                       146    143    240
                       148    145    243
                       119    166     43
                       116    164     44
                       112    162     46
                       108    160     48
                       104    158     50
                       101    156     52
                        97    153     53
                        93    151     55
                        89    149     57
                        86    147     59
                        82    145     61
                        78    142     62
                        74    140     64
                        70    138     66
                        67    136     68
                        63    134     70
                        59    131     71
                        55    129     73
                        52    127     75
                        48    125     77
                        44    123     79
                        40    120     80
                        36    118     82
                        33    116     84
                        29    114     86
                        25    112     88
                        21    109     89
                        18    107     91
                        14    105     93
                        10    103     95
                         6    101     97
                       255    251      3
                       252    249      5
                       248    247      7
                       245    245      9
                       241    243     11
                       238    241     13
                       234    239     15
                       230    237     17
                       227    235     20
                       223    233     22
                       220    231     24
                       216    229     26
                       212    227     28
                       209    225     30
                       205    223     32
                       202    220     35
                       198    218     37
                       195    216     39
                       191    214     41
                       187    212     43
                       184    210     45
                       180    208     47
                       177    206     50
                       173    204     52
                       169    202     54
                       166    200     56
                       162    198     58
                       159    196     60
                       150     39     39
                       153     41     40
                       156     44     42
                       160     47     44
                       163     50     46
                       166     53     48
                       170     56     50
                       173     59     52
                       177     61     54
                       180     64     56
                       183     67     58
                       187     70     60
                       190     73     62
                       194     76     64
                       197     79     66
                       200     82     68
                       204     84     69
                       207     87     71
                       210     90     73
                       214     93     75
                       217     96     77
                       221     99     79
                       224    102     81
                       227    105     83
                       231    107     85
                       234    110     87
                       238    113     89
                       241    116     91
                       244    119     93
                       248    122     95
                       236      0    240
                       232      0    236
                       228      0    231
                       223      0    227
                       219      0    222
                       214      0    218
                       210      0    213
                       205      0    209
                       201      0    204
                       196      0    200
                       192      0    195
                       188      0    190
                       183      0    186
                       179      0    181
                       174      0    177
                       170      0    172
                       165      0    168
                       161      0    163
                       156      0    159
                       152      0    154
                       147      0    150
                       143      0    145
                       139      0    140
                       134      0    136
                       130      0    131
                       125      0    127
                       121      0    122
                       116      0    118
                       112      0    113
                       107      0    109
                       255    181    225
                       255    181    226
                       255    182    227
                       255    182    228
                       255    183    230
                       255    184    231
                       255    184    232
                       255    185    234
                       255    186    235
                       255    186    236
                       255    187    238
                       255    188    239
                       255    188    240
                       255    189    241
                       255    190    243
                       255    190    244
                       255    191    245
                       255    192    247
                       255    192    248
                       255    193    249
                       255    194    251
                       255    194    252
                       255    195    253
                       144    144    144
                       146    146    146
                       147    147    147
                       147    147    147
                       149    149    149
                       150    150    150
                       151    151    151
                       152    152    152
                       153    153    153
                       154    154    154
                       155    155    155
                       156    156    156
                       157    157    157
                       159    159    159
                       159    159    159
                       160    160    160
                       162    162    162
                       163    163    163
                       163    163    163
                       165    165    165
                       166    166    166
                       167    167    167
                       168    168    168
                       169    169    169
                       170    170    170
                       171    171    171
                       172    172    172
                       174    174    174
                       175    175    175
                       175    175    175
                       177    177    177
                       178    178    178
                       179    179    179
                       180    180    180
                       181    181    181
                       182    182    182
                       183    183    183
                       184    184    184
                       185    185    185
                       187    187    187
                       187    187    187
                       188    188    188
                       190    190    190
                       191    191    191
                       191    191    191
                       193    193    193
                       194    194    194
                       195    195    195
                       196    196    196
                       197    197    197
                       198    198    198
                       199    199    199
                       200    200    200
                       255    255    255
