                         0      0      0
                       214    162    152
                       213    162    151
                       212    161    150
                       211    160    149
                       210    159    148
                       208    158    147
                       207    157    146
                       206    156    145
                       205    155    143
                       203    154    142
                       202    153    141
                       201    152    140
                       200    151    139
                       199    150    138
                       197    149    137
                       196    148    136
                       195    147    134
                       194    146    133
                       192    145    132
                       191    144    131
                       190    143    130
                       189    142    129
                       188    141    128
                       186    140    127
                       185    139    125
                       184    138    124
                       183    137    123
                       181    136    122
                       180    135    121
                       179    134    120
                       178    133    119
                       177    132    118
                       175    131    116
                       174    130    115
                       173    129    114
                       172    128    113
                       170    127    112
                       169    126    111
                       168    125    110
                       167    124    109
                       166    123    107
                       164    122    106
                       163    122    105
                       162    121    104
                       161    120    103
                       159    119    102
                       158    118    101
                       157    117     99
                       156    116     98
                       155    115     97
                       153    114     96
                       152    113     95
                       151    112     94
                       150    111     93
                       148    110     92
                       147    109     90
                       146    108     89
                       145    107     88
                       144    106     87
                       142    105     86
                       141    104     85
                       140    103     84
                       139    102     83
                       137    101     81
                       136    100     80
                       135     99     79
                       134     98     78
                       132     97     77
                       131     96     76
                       130     95     75
                       129     94     74
                       128     93     72
                       126     92     71
                       125     91     70
                       124     90     69
                       123     89     68
                       121     88     67
                       120     87     66
                       119     86     65
                       118     85     63
                       117     84     62
                       115     83     61
                       114     82     60
                       113     81     59
                       112     81     58
                       110     80     57
                       109     79     55
                       108     78     54
                       107     77     53
                       106     76     52
                       104     75     51
                       103     74     50
                       102     73     49
                       101     72     48
                        99     71     46
                        98     70     45
                        97     69     44
                        96     68     43
                        95     67     42
                        93     66     41
                        92     65     40
                        91     64     39
                        90     63     37
                        88     62     36
                        87     61     35
                        86     60     34
                        85     59     33
                        84     58     32
                        82     57     31
                        81     56     30
                        80     55     28
                        79     54     27
                        77     53     26
                        76     52     25
                        75     51     24
                        74     50     23
                        73     49     22
                        71     48     21
                        70     47     19
                        69     46     18
                        68     45     17
                        66     44     16
                        65     43     15
                        64     42     14
                        66     64    107
                        69     67    112
                        72     70    118
                        75     73    123
                        78     76    129
                        81     79    134
                        84     82    140
                        87     85    146
                        90     88    151
                        93     91    157
                        96     94    162
                        99     97    168
                       102    100    173
                       105    103    179
                       108    106    185
                       111    109    190
                       114    112    196
                       117    115    201
                       120    118    207
                       123    121    212
                       232    228      2
                       226    222      2
                       220    216      2
                       213    210      2
                       207    204      2
                       201    198      2
                       194    191      2
                       188    185      2
                       182    179      2
                       175    173      2
                       169    167      2
                       163    160      2
                       156    154      2
                       150    148      2
                       144    142      2
                       137    136      2
                       131    129      2
                       125    123      2
                       118    117      2
                       112    111      2
                       120      0      0
                       126      0      0
                       132      0      0
                       139      0      0
                       145      0      0
                       152      0      0
                       158      0      0
                       165      0      0
                       171      0      0
                       177      0      0
                       184      0      0
                       190      0      0
                       197      0      0
                       203      0      0
                       210      0      0
                       216      0      0
                       222      0      0
                       229      0      0
                       235      0      0
                       242      0      0
                       125      0    128
                       133      7    132
                       141     15    137
                       149     23    142
                       157     31    147
                       165     39    152
                       173     46    156
                       181     54    161
                       190     62    166
                       198     70    171
                       206     78    176
                       214     85    180
                       222     93    185
                       230    101    190
                       238    109    195
                       246    117    200
                       118    116    115
                       120    118    116
                       121    120    118
                       123    121    120
                       124    123    121
                       126    124    123
                       128    126    124
                       128    128    126
                       130    128    128
                       131    130    128
                       133    131    130
                       135    133    131
                       136    135    133
                       138    136    135
                       139    138    136
                       141    139    138
                       143    141    139
                       144    143    141
                       145    144    143
                       147    146    144
                       148    147    146
                       150    149    147
                       151    151    149
                       153    152    151
                       155    154    152
                       156    155    154
                       158    157    155
                       159    159    158
                       161    160    159
                       163    162    161
                       164    163    163
                       166    165    164
                       167    167    166
                       169    168    167
                       171    170    169
                       172    171    171
                       173    173    172
                       175    175    174
                       176    176    175
                       178    178    177
                       179    179    179
                       181    181    180
                       183    183    182
                       184    184    183
                       186    186    185
                       187    187    187
                       189    189    188
                       191    191    190
                       192    192    191
                       194    194    193
                       195    195    195
                       197    197    196
                       199    199    198
                       200    200    199
                       255    255    255
