! seviri_rgb.tbl
!
!  Color lookup table -- test, ALM
!
!Color name    Abrev   Red  Green   Blue  X color name
                        29     21     13
                       111    140     98
                       172    142     51
                       176    207     38
                       142     20      6
                       158    208    159
                        58     72     93
                       139    151    145
                        59     77    137
                       207    211    156
                       217    143     45
                       158     82     16
                       144     85    158
                         4    245    246
                       241    204     48
                       204    151    143
                         4    153    252
                        49     26    135
                       219     84      9
                        79     79     35
                       228    245    162
                       157    234    168
                        77     25      5
                        75     86    144
                       174    168     55
                       230    173     55
                       149    178    155
                        96    112     31
                        92    114    147
                       245    252      9
                       163    118     41
                       108    144    154
                       114    174    166
                        45     43     34
                       162    235    105
                       117    174    104
                       154    211    214
                       233    251    231
                       149    181    213
                       206    211    212
                       149    147     96
                       100    115    213
                       203    183    156
                       164    242    219
                       216    178     88
                       211    149     83
                       142    121     86
                       101    114    102
                       150      2    243
                       123    197    118
                       243      2     31
                       218     83    162
                        72     25    151
                       241      2    232
                       122    201    182
                       157     53      6
                        60    102    137
                       136    121    154
                        56     51    139
                       212    119     32
                        77     52     13
                       141     54    241
                       199     61      4
                       212    118    153
                        74     57    148
                       206     61    252
                        60     91    104
                        34     26     80
                       169    203    112
                       143     13     95
                       142    148    228
                        27     75    244
                       154     87     85
                       143     81    248
                       219    208    101
                       244    144    247
                        20      2    252
                        75     84     98
                        74     28     92
                        98     83    216
                       160    175    104
                       234    241    107
                       103    147    209
                        47     50     85
                       204    185    213
                       232     83    248
                        96      2    252
                       149     53     88
                         9    110    252
                       139    117    243
                        37     53    252
                       205    119     83
                        70     56     97
                       240    113    247
                        97     53    230
