! ssmi_opc.tbl
!
! Color table for SSMI pcpn_wind imagery 
!
!Color name    Abrev   Red  Green   Blue  X color name
                         0      0      0
                       255    255    255
                       255    255    255
                       255    255    255
                       255    255    255
                       255    255    255
                       255    255    255
                       230    230    255
                       180    180    255
                       120    120    238
                        80     80    222
                        60     60    182
                        20     20    162
                       250    242     82
                         0    185      0
                       255      0      0
                       255      0      0
                       255      0    255
                       255      0    255
                       255      0    255
                       255     10    255
                       128     32     32
                         0    142    194
                         0    170    210
                         0    198    223
                         0    227    239
                         0    255    255
                         0    239    227
                         0    223    198
                         0    210    170
                         0    194    142
                       250    242     82
                       250    242     82
                       250    242     82
                       250    242     82
                        80     60     50
                       110     88     50
                       200    200    200
                        85    166      0
                       113    182      0
                       142    194      0
                       170    210      0
                       198    223      0
                       227    239      0
                       255    255      0
                       239    227      0
                       223    198      0
                       210    170      0
                       194    142      0
                       182    113      0
                       166     85      0
                       154     57      0
                       138     28      0
                       125      0      0
                       162      0      0
                       194      0      0
                       219      0      0
                       255      0      0
                         0      0      0
                         0      0      0
                         0      0      0
                         0      0      0
                         0      0      0
                         0      0      0
