                       0      0      0
                       0      0      0
                     225      0    225
                     205      0    225
                     185      0    225
                     165      0    225
                     145      0    225
                     125      0    225
                     105      0    225
                      85      0    225
                      65      0    225
                      45      0    225
                      25      0    225
                       5      0    225
                       0      0    225
                       0      0    210
                       0      0    195
                       0      0    180
                       0      0    165
                       0      0    150
                       0      0    135
                       0      0    120
                       0      0    105
                       0      0     90
                       0      0     75
                       0      0     65
                       0     20     80
                       0     40     95
                       0     60    110
                       0     80    125
                       0    100    140
                       0    120    155
                       0    140    170
                       0    160    185
                       0    180    200
                       0    200    215
                       0    220    230
                       0    240    245
                       0    255    255
                       0    255    245
                       0    255    235
                       0    255    225
                       0    255    215
                       0    255    205
                       0    255    195
                       0    255    185
                       0    255    175
                       0    255    165
                       0    255    155
                       0    255    145
                       0    255    135
                       0    255    125
                       0    255    115
                       0    255    105
                       0    255     95
                       0    255     85
                       0    255     75
                       0    255     65
                       0    255     55
                       0    255     45
                       0    255     35
                       0    255     25
                       0    255     15
                       0    255      5
                       0    255      0
                      15    255      0
                      30    255      0
                      45    255      0
                      60    255      0
                      75    255      0
                      90    255      0
                     105    255      0
                     120    255      0
                     135    255      0
                     150    255      0
                     165    255      0
                     180    255      0
                     195    255      0
                     210    255      0
                     225    255      0
                     240    255      0
                     255    255      0
                     255    235      0
                     255    215      0
                     255    195      0
                     255    175      0
                     255    155      0
                     255    135      0
                     255    115      0
                     255     95      0
                     255     75      0
                     255     55      0
                     255     35      0
                     255     15      0
                     255      0      0
                     245      0      0
                     235      0      0
                     225      0      0
                     215      0      0
                     205      0      0
                     195      0      0
                     185      0      0
                     175      0      0
                     165      0      0
                     155      0      0
                     145      0      0
                     135      0      0
                     125      0      0
                     115      0      0
                     105      0      0
                     095      0      0
                     085      0      0
                     075      0      0
                     065      0      0
                     055      0      0
                       0      0      0
                       0      0      0
