! tpwpct.tbl
!
! Color table for TPW imagery
!
!Color name    Abrev   Red  Green   Blue  X color name
                         0      0      0
                        53     26      0
                        55     27      0
                        58     28      0
                        62     30      0
                        65     31      0
                        67     32      0
                        70     33      0
                        74     35      0
                        77     36      0
                        79     37      0
                        84     39      0
                        86     40      0
                        89     41      0
                        91     42      0
                        96     44      0
                        98     45      0
                       101     46      0
                       103     48      1
                       108     53      6
                       110     55      9
                       113     57     11
                       117     62     16
                       120     64     19
                       122     66     21
                       125     69     24
                       129     73     28
                       132     76     31
                       134     78     33
                       137     80     36
                       141     85     41
                       144     87     43
                       146     89     46
                       151     94     51
                       153     96     54
                       156     99     57
                       158    102     60
                       163    107     67
                       165    110     70
                       168    113     73
                       172    119     79
                       175    121     83
                       177    124     86
                       180    127     89
                       184    132     96
                       187    135     99
                       189    138    102
                       192    141    105
                       196    146    112
                       199    149    115
                       201    152    118
                       204    155    123
                       205    156    124
                       205    157    126
                       206    158    127
                       207    160    130
                       207    161    131
                       208    162    132
                       209    163    134
                       210    165    136
                       210    166    138
                       211    167    139
                       212    169    142
                       213    170    143
                       213    170    145
                       214    171    146
                       215    173    149
                       215    174    150
                       216    176    152
                       218    178    155
                       220    182    160
                       221    184    162
                       222    186    165
                       225    190    170
                       226    192    172
                       227    194    175
                       229    196    178
                       231    200    183
                       232    202    185
                       233    204    188
                       236    208    193
                       237    210    195
                       238    212    198
                       239    214    200
                       241    218    205
                       239    220    208
                       237    221    210
                       236    223    212
                       232    226    217
                       230    228    219
                       228    230    222
                       225    233    226
                       223    234    229
                       221    236    231
                       220    238    233
                       216    241    238
                       214    243    240
                       212    244    243
                       211    246    245
                       207    249    250
                       205    251    252
                       204    253    255
                       199    252    255
                       196    252    255
                       194    252    255
                       192    251    255
                       187    251    255
                       184    251    255
                       182    250    255
                       180    250    255
                       175    250    255
                       172    249    255
                       170    249    255
                       165    249    255
                       163    249    255
                       160    248    255
                       158    248    255
                       153    248    255
                       151    247    255
                       148    247    255
                       144    246    255
                       141    246    255
                       139    245    255
                       136    245    255
                       131    244    255
                       129    243    255
                       127    243    255
                       124    243    255
                       119    242    255
                       117    241    255
                       114    241    255
                       109    240    255
                       107    240    255
                       105    239    255
                       102    239    255
                        97    238    255
                        95    237    255
                        93    237    255
                        90    236    255
                        85    235    255
                        83    234    255
                        81    234    255
                        76    233    255
                        73    232    255
                        71    232    255
                        69    231    255
                        64    230    255
                        61    229    255
                        59    229    255
                        57    228    255
                        52    227    255
                        50    227    255
                        47    224    252
                        42    218    247
                        40    216    245
                        38    213    243
                        35    210    240
                        31    205    235
                        28    202    233
                        26    199    231
                        21    194    226
                        19    191    223
                        17    188    221
                        14    186    219
                        10    180    214
                         7    178    211
                         5    175    209
                         3    172    207
                         0    167    202
                         0    165    200
                         0    163    197
                         0    158    192
                         0    156    190
                         0    154    188
                         0    152    185
                         0    147    180
                         0    145    178
                         0    143    176
                         0    141    173
                         0    136    168
                         0    134    166
                         0    132    164
                         0    127    159
                         0    125    156
                         0    123    154
                         0    122    153
                         0    122    153
                         0    122    153
                         0    122    153
                         0    122    153
                         0    122    153
                         0    122    153
                         0    122    153
                         0    122    153
                         0    122    153
                         0    122    153
                         0    122    153
                         0    122    153
                         0    122    153
                         0    122    153
                       255    255      0
                       255    255      0
                       255    255      0
                       255    255      0
                       255    255      0
                       255    255      0
                       255    255      0
                       255    255      0
                       255    255      0
                       255    255      0
                       255    255      0
                       255    255      0
                       255    255      0
                       255    255      0
                       255    255      0
                       255    255      0
                       255    255      0
                       255    255      0
                       255    255      0
                       255    255      0
                       255    255      0
                       255    255      0
                       255    255      0
                       255    255      0
                       255    255      0
                       255    255      0
                       255    255      0
                       255    255      0
                       255    255      0
                       255    255      0
                       255    255      0
                       255    255      0
                       255    255      0
                       255    255      0
                       255    255      0
                       255    255      0
                       255    255      0
                       255    255      0
                       255    255      0
                       255    255      0
                       255    255      0
                       255    255      0
                       255    255      0
                       255    255      0
                       255    255      0
                       255    255      0
                       255    255      0
                       255    255      0
                       255    255      0
                       255    255      0
                       255    255      0
                       255    255    255
                       255    255    255
                       255    255    255
                       255    255    255
                       255    255    255
