! truecolor_95tbl_fixed.tbl
!
!  Color lookup table -- test, ALM
!
!Color name    Abrev   Red  Green   Blue  X color name
                         4      3      5
                        10    142     95
                       150    144     17
                       173    196      6
                        44     70     38
                       106     95     48
                        51     99     34
                       143    152    146
                       148    200    160
                        60    246     12
                       209    200    175
                        67     74     32
                        91    133     93
                       210    165     27
                       215    227    175
                       102     82    211
                        82    102     49
                        88    139    112
                       203    182    155
                       111    109     54
                       143    180     15
                        77    103    113
                       157    115     37
                       214    215    204
                        41     76     93
                       152    165    150
                        64     89    100
                       146    143    104
                       107    117     92
                        31     51     23
                        79    174    171
                        75     88     43
                       169    150    111
                        53     45      4
                        81    175     34
                       185    176    252
                       220    226    215
                        88    118     62
                       230    208    177
                       179    173    152
                       118    140    129
                       115    137     91
                       202    183    252
                        89    117    118
                        31     57     69
                       133    118     78
                        48     86     33
                       229    186    154
                       107    194    147
                       247    205     15
                        12    156    159
                        13    194    209
                       147    227    243
                       252    243     19
                        17    178    179
                         4    175     91
                       213    177     19
                        80    204    215
                       105    123    135
                       147    197    113
                       143    216    224
                       150    162    122
                       224    199     99
                       208    170    123
                       143     97     53
                       178    232    170
                       119    164    138
                       116    177     33
                        48    177    184
                       199    163    121
                       110    212    224
                        45    101    102
                       184    206     94
                        57    175     54
                       167    155     30
                       249    238    169
                       169    174     31
                       230    221    206
                       241    239    232
                       187    200    200
                       178    163    123
                       252    242    103
                        56    141    117
                       188    195    178
                       252    178    252
                       169    157    134
                       150    123     86
                       249    208    103
                        56    134    105
                       247    184      7
                       243    181    102
                        49    197    207
                        57     59     10
                       179    253    252
                        38     29      4
