! upc3_rcomp.tbl
!
! Color table for 14-level NIDS Reflectivity
!
!Color name    Abrev   Red  Green   Blue  X color name
                         0    236    236
                         1    160    246
                         0      0    246
                         0    255      0
                         0    200      0
                         0    144      0
                       255    255      0
                       231    192      0
                       255    144      0
                       255      0      0
                       214      0      0
                       192      0      0
                       255      0    255
                       153     85    201
!
                         0      0      0
                         0      0      0
                         0      0      0
                         0      0      0
                         0      0      0
                         0      0      0
                         0      0      0
                         0      0      0
                         0      0      0
                         0      0      0
                         0      0      0
                         0      0      0
                        12     12     12
                        24     24     24
                        36     36     36
                        48     48     48
                        60     60     60
                        72     72     72
                        84     84     84
                        96     96     96
                       108    108    108
                       120    120    120
                       132    132    132
                       144    144    144
                       156    156    156
                       168    168    168
                       180    180    180
                       192    192    192
                       204    204    204
                       216    216    216
                       228    228    228
                       240    240    240
                       252    252    252
