!Color name    Abrev   Red  Green   Blue  X color name
                       000    000    000
                       000    000    000
                       000    000    000
                       000    000    000
                       000    000    000
                       000    000    000
                       000    000    000
                       000    000    000
                       000    000    000
                       000    000    000
                       000    000    000
                       000    000    000
                       000    000    000
                       000    000    000
                       000    000    000
                       000    000    000
                       002    003    039
                       004    006    043
                       006    009    047
                       008    012    051
                       010    015    055
                       012    018    059
                       014    021    063
                       016    024    067
                       018    027    071
                       020    030    075
                       022    033    079
                       024    036    083
                       026    039    087
                       028    042    091
                       030    045    095
                       032    048    099
                       034    051    103
                       036    054    107
                       038    057    111
                       040    060    115
                       042    063    119
                       044    066    123
                       046    069    127
                       048    072    131
                       050    075    135
                       052    078    139
                       054    081    143
                       056    084    147
                       058    087    151
                       060    090    155
                       062    093    159
                       064    096    163
                       066    099    167
                       068    102    171
                       070    105    175
                       072    108    179
                       074    111    183
                       076    114    187
                       078    117    191
                       080    120    195
                       014    060    002
                       023    064    004
                       032    068    006
                       041    072    008
                       050    076    010
                       059    080    012
                       068    084    014
                       077    088    016
                       086    092    018
                       095    096    020
                       104    100    022
                       113    104    024
                       122    108    026
                       131    112    028
                       140    116    030
                       149    120    032
                       158    124    034
                       167    128    036
                       176    132    038
                       185    136    040
                       194    140    042
                       203    144    044
                       212    148    046
                       221    152    048
                       230    156    050
                       239    160    052
                       248    164    054
                       255    168    056
                       255    172    058
                       255    176    060
                       255    180    062
                       255    184    064
                       255    188    066
                       255    192    068
                       255    196    070
                       255    200    072
                       255    204    074
                       255    208    076
                       043    043    043
                       050    050    050
                       057    057    057
                       064    064    064
                       071    071    071
                       078    078    078
                       085    085    085
                       092    092    092
                       099    099    099
                       106    106    106
                       113    113    113
                       120    120    120
                       127    127    127
                       134    134    134
                       141    141    141
                       148    148    148
                       155    155    155
                       162    162    162
                       169    169    169
                       176    176    176
                       183    183    183
                       190    190    190
                       197    197    197
                       204    204    204
                       211    211    211
                       218    218    218
                       225    225    225
                       232    232    232
                       239    239    239
                       246    246    246
                       253    253    253
                       255    255    255
                       255    255    255
                       255    255    255
