! upc_n0q.tbl
! Color table for NIDS 256 level Reflectivity
!
                         0      0      0
                         0      0      0
                         0      0      0
                         0      0      0
                         0      0      0
                         0      0      0
                         0      0      0
                         0      0      0
                         0      0      0
                         0      0      0
                         0      0      0
                         0      0      0
                         0      0      0
                         0      0      0
                         0      0      0
                         0      0      0
                         0      0      0
                         0      0      0
                         0      0      0
                         0      0      0
                         0      0      0
                         0      0      0
                         0      0      0
                         0      0      0
                         0      0      0
                         0      0      0
                         0      0      0
                         0      0      0
                         0      0      0
                         0      0      0
                         0      0      0
                         0      0      0
                         0      0      0
                         0      0      0
                         0      0      0
                         0      6      6
                         0     22     22
                         0     53     53
                         0    100    100
                         0    151    151
                         0    193    194
                         0    218    219
                         0    226    231
                         0    221    236
                         0    208    239
                         0    192    241
                         1    177    243
                         1    165    245
                         1    155    246
                         1    140    246
                         1    114    246
                         0     80    246
                         0     47    246
                         0     24    244
                         0     15    237
                         0     28    220
                         0     62    185
                         0    112    136
                         0    169     82
                         0    212     39
                         0    237     15
                         0    246      3
                         0    244      1
                         0    234      0
                         0    222      0
                         0    211      0
                         0    204      0
                         0    199      0
                         0    193      0
                         0    182      0
                         0    170      0
                         0    159      0
                         2    151      0
                         9    149      0
                        28    156      0
                        65    172      0
                       118    195      0
                       173    219      0
                       215    237      0
                       239    246      0
                       248    248      0
                       249    241      0
                       245    229      0
                       239    216      0
                       235    204      0
                       232    195      0
                       233    190      0
                       234    185      0
                       238    176      0
                       243    165      0
                       248    156      0
                       252    147      0
                       254    139      0
                       255    125      0
                       255    104      0
                       255     73      0
                       255     42      0
                       255     19      0
                       252      3      0
                       248      0      0
                       242      0      0 
                       233      0      0 
                       225      0      0 
                       218      0      0 
                       214      0      0 
                       209      0      0 
                       205      0      0 
                       201      0      0 
                       196      0      0 
                       194      0      3
                       198      0     21
                       204      0     51
                       216      0    100
                       229      0    156
                       242      0    204
                       249      1    234
                       247      4    245
                       238     12    245
                       222     26    236
                       199     45    225
                       179     62    215
                       165     77    207
                       160     87    204
                       165    103    207
                       178    128    215
                       199    163    225
                       222    200    237
                       238    229    247
                       249    244    252
                       253    252    253
                       255    254    255
                       255    255    255
                       255    255    255
                       255    255    255
                       255    255    255
                       255    255    255
                       255    255    255
                       255    255    255
                       255    255    255
                       255    255    255
                       255    255    255
                       255    255    255
                       255    255    255
                       255    255    255
                       255    255    255
                       255    255    255
                       255    255    255
                       255    255    255
                       255    255    255
                       255    255    255
