                         0      0      0 
                         0      0      0 
                        25     26     26
                        50     57     57
                        63     92     96
                        56    127    137
                        35    152    173
                        17    160    194
                         8    154    199
                         3    142    194
                         3    126    183
                         7    104    167
                        15     75    149
                        24     54    134
                        25     68    123
                        18    113    112
                         9    155     93
                         3    170     63
                         1    168     31
                         2    168     10
                        14    174      2
                        49    176      1
                       106    170      0
                       160    165      0
                       191    169      1
                       196    166      2
                       185    136      2
                       169     82      1
                       163     33      0
                       173      7      6
                       193      0     33
                       213      0     88
                       231      0    165
                       243      0    223
                       243      0    223 
