!Color name    Abrev   Red  Green   Blue  X color name
RAMP000                000    000    000
RAMP001                255    000    255
RAMP002                238    000    255
RAMP003                221    000    255
RAMP004                204    000    255
RAMP005                187    000    255
RAMP006                170    000    255
RAMP007                153    000    255
RAMP008                136    000    255
RAMP009                119    000    255
RAMP010                102    000    255
RAMP011                085    000    255
RAMP012                068    000    255
RAMP013                051    000    255
RAMP014                034    000    255
RAMP015                017    000    255
RAMP016                000    000    255
RAMP017                000    017    255
RAMP018                000    034    255
RAMP019                000    051    255
RAMP020                000    068    255
RAMP021                000    085    255
RAMP022                000    102    255
RAMP023                000    119    255
RAMP024                000    136    255
RAMP025                000    153    255
RAMP026                000    170    255
RAMP027                000    187    255
RAMP028                000    204    255
RAMP029                000    221    255
RAMP030                000    238    255
RAMP031                000    255    255
RAMP032                000    255    238
RAMP033                000    255    221
RAMP034                000    255    204
RAMP035                000    255    187
RAMP036                000    255    170
RAMP037                000    255    153
RAMP038                000    255    136
RAMP039                000    255    119
RAMP040                000    255    102
RAMP041                000    255    085
RAMP042                000    255    068
RAMP043                000    255    051
RAMP044                000    255    034
RAMP045                000    255    017
RAMP046                000    255    000
RAMP047                017    255    000
RAMP048                034    255    000
RAMP049                051    255    000
RAMP050                068    255    000
RAMP051                085    255    000
RAMP052                102    255    000
RAMP053                119    255    000
RAMP054                136    255    000
RAMP055                153    255    000
RAMP056                170    255    000
RAMP057                187    255    000
RAMP058                204    255    000
RAMP059                221    255    000
RAMP060                238    255    000
RAMP061                255    255    000
RAMP062                255    238    000
RAMP063                255    221    000
RAMP064                255    204    000
RAMP065                255    187    000
RAMP066                255    170    000
RAMP067                255    153    000
RAMP068                255    136    000
RAMP069                255    119    000
RAMP070                255    102    000
RAMP071                255    085    000
RAMP072                255    068    000
RAMP073                255    051    000
RAMP074                255    034    000
RAMP075                255    017    000
RAMP076                255    000    000
RAMP077                255    000    017
RAMP078                255    000    034
RAMP079                255    000    051
RAMP080                255    000    068
RAMP081                255    000    085
RAMP082                255    000    102
RAMP083                255    000    119
RAMP084                255    000    136
RAMP085                255    017    153
RAMP086                255    034    170
RAMP087                255    051    187
RAMP088                255    068    204
RAMP089                255    085    221
RAMP090                255    102    238
RAMP091                255    119    255
RAMP092                255    136    255
RAMP093                255    153    255
RAMP094                255    255    255
