                       113    113    113
                       119    119    119
                       128    128    128
                       137    137    137
                       155    155    155
                       155    155    155
                       164    164    164
                       170    170    170
                       179    179    179
                         4     10    255
                         6     30    255
                         9     60    255
                        12     90    255
                        14    110    255
                        17    140    255
                        20    170    255
                        23    200    255
                        26    230    255
                        12    130     19
                        20    143     34
                        27    156     49
                        36    171     66
                        42    182     78
                        51    197     96
                        60    213    113
                        69    229    131
                        75    239    143
                       178      0    181
                       187     19    190
                       197     38    199
                       206     57    208
                       213     70    214
                       222     89    224
                       232    108    233
                       238    121    239
                       248    140    248
                       255    249      3
                       255    241      3
                       255    236      3
                       255    229      3
                       255    221      3
                       255    214      3
                       255    206      3
                       255    201      3
                       255    194      3
                       255    186      3
                       255    181      3
                       255    174      3
                       255    166      2
                       255    159      2
                       255    154      2
                       255    144      2
                       255    139      2
                       255    131      2
                       255    123      2
                       255    118      2
                       255    111      2
                       255    103      2
                       255     98      2
                       255     91      2
                       255     83      1
                       255     76      1
                       255     71      1
                       255     61      1
                       255     56      1
                       255     48      1
                       255     41      1
                       255     36      1
                       255     28      1
                       255     21      1
                       255     16      1
                       255      8      1
                       255    168    168
                       255    172    172
                       255    177    177
                       255    182    182
                       255    185    185
                       255    190    190
                       255    195    195
                       255    198    198
                       255    203    203
                       255    208    208
                       255    213    213
                       255    216    216
                       255    221    221
                       255    226    226
                       255    230    230
                       255    235    235
                       255    238    238
                       255    243    243
                       255    248    248
                       255    251    251
