ND00000                000    000    000
TOWRD01                000    155    155
TOWRD02                000    171    171
TOWRD03                000    188    188
TOWRD04                000    205    205
TOWRD05                000    215    215
TOWRD06                000    235    235
TOWRD07                000    255    255
TOWRD08                000    255    235
TOWRD09                032    255    215
TOWRD10                064    255    195
TOWRD11                090    255    175
TOWRD12                144    255    153
TOWRD13                108    255    115
TOWRD14                072    255    078
TOWRD15                036    255    040
TOWRD16                000    255    003
TOWRD17                000    255    003
TOWRD18                000    237    003
TOWRD19                000    228    003
TOWRD20                000    219    002
TOWRD21                000    211    002
TOWRD22                000    202    002
TOWRD23                000    193    002
TOWRD24                000    184    002
TOWRD25                000    175    002
TOWRD26                000    166    002
TOWRD27                000    157    002
TOWRD28                000    148    001
TOWRD29                000    140    001
TOWRD30                000    131    001
TOWRD31                000    122    001
TOWRD32                000    113    001
TOWRD33                027    127    027
TOWRD34                055    142    056
TOWRD35                083    156    083
TOWRD36                110    171    112
TOWRD37                118    150    113
TOWRD38                126    132    115
GRAY                   180    180    180
AWAY001                134    112    116
AWAY002                142    092    117
AWAY003                135    069    088
AWAY004                128    046    059
AWAY005                124    023    030
AWAY006                119    000    000
AWAY007                126    000    000
AWAY008                132    000    000
AWAY009                139    000    000
AWAY010                146    000    000
AWAY011                153    000    000
AWAY012                160    000    000
AWAY013                166    000    000
AWAY014                173    000    000
AWAY015                180    000    000
AWAY016                186    000    000
AWAY017                193    000    000
AWAY018                200    000    000
AWAY019                206    000    000
AWAY020                213    000    000
AWAY021                220    000    000
AWAY022                227    000    000
AWAY023                234    000    000
AWAY024                241    000    000
AWAY025                248    000    000
AWAY026                255    032    032
AWAY027                255    048    016
AWAY028                255    064    000
AWAY029                255    128    000
AWAY030                255    155    000
AWAY031                255    205    000
AWAY032                255    255    000
AWAY033                240    240    000
AWAY034                230    230    000
AWAY035                220    220    000
AWAY036                210    210    000
AWAY037                200    200    000
AWAY038                190    190    000
RF00000                128    000    145
