                         0      0      0 
                       255    243    255
                       255    229    255
                       255    215    255
                       255    205    255
                       255    183    255
                       255    171    255
                       255    152    255
                       255    129    255
                       255    102    255
                       255     79    255
                       255      0    255
                       243      0    255
                       235      0    255
                       221      0    255
                       207      0    255
                       191      0    255
                       175      0    255
                       163      0    255
                       143      0    255
                       119      0    255
                        90      0    255
                        63      0    255
                         0     45    255
                         0     90    255
                         0    119    255
                         0    143    255
                         0    156    255
                         0    175    255
                         0    191    255
                         0    207    255
                         0    216    255
                         0    230    255
                         0    243    255
                         0    251    255
                        42    247    247
                        55    241    241
                        70    232    232
                        82    222    222
                        89    216    216
                        99    206    206
                       108    195    195
                       116    184    184
                       121    176    176
                       128    163    163
                       135    150    150
                       137    145    137
                       130    159    130
                       125    168    125
                       118    181    118
                       109    193    109
                       103    200    103
                        94    211     94
                        83    221     83
                        71    231     71
                        61    237     61
                        35    250     35
                         0    255      0
                        78    255      0
                       110    255      0
                       127    255      0
                       150    255      0
                       169    255      0
                       180    255      0
                       197    255      0
                       212    255      0
                       226    255      0
                       239    255      0
                       251    255      0
                       255    251      0
                       255    239      0
                       255    216      0
                       255    216      0
                       255    202      0
                       255    186      0
                       255    175      0
                       255    150      0
                       255    135      0
                       255    110      0
                       255     78      0
                       255      0      0
                       255     63     63
                       255    101    101
                       255    127    127
                       255    143    143
                       255    163    163
                       255    180    180
                       255    197    197
                       255    212    212
                       255    221    221
                       255    235    235
                       255    247    247
