                       060    090    155   112
                       060    090    155   112
                       060    090    155   112
                       060    090    155   112
                       060    090    155   112
                       060    090    155   112
                       060    090    155   112
                       060    090    155   112
                       060    090    155   112
                       060    090    167   118
                       060    090    179   124
                       060    090    191   130
                       000    032    000
                       000    048    000
                       000    060    000
                       000    063    000
                       000    067    000
                       000    071    000
                       000    077    000
                       000    084    000
                       000    093    000
                       000    072    000
                       000    063    003
                       007    065    006
                       014    066    009
                       021    067    012
                       028    068    015
                       035    069    018   150
                       042    071    021   152
                       049    075    024   154
                       056    079    027   156
                       063    084    030   158
                       070    087    033   160
                       077    090    036   162
                       084    094    039   164
                       091    099    042   166
                       098    103    045   168
                       105    107    048   170
                       112    111    051   172
                       119    115    054   174
                       126    119    057   176
                       133    123    069   184
                       140    127    075   186
                       146    130    079   178
                       154    133    083   180
                       156    135    082   210
                       158    133    077   188
                       158    132    073   190
                       156    133    069   192
                       148    134    065   194
                       140    117    061   196
                       132    110    057   198
                       124    103    053   200
                       116    096    049   202
                       108    089    045   204
                       100    082    041   206
                       092    075    037   208
                       084    068    033   210
                       076    061    029   212
                       068    054    025   214
                       060    047    021   216
                       052    040    017   218
                       044    033    013   220
                       036    026    009   222
                       028    019    005   224
                       032    024    010
                       036    029    017
                       040    034    024
                       044    039    031
                       048    044    038
                       052    049    045
                       066    054    052
                       060    059    059
                       065    065    065
                       075    075    075
                       085    085    085
                       095    095    095
                       105    105    105
                       115    115    115
                       125    125    125
                       135    135    135
                       145    145    145
                       255    255    255   226
                       255    255    255   226
                       255    255    255   226
                       255    255    255   226
                       255    255    255   226
                       255    255    255   226
                       255    255    255   226
                       255    255    255   226
                       255    255    255   226
                       255    255    255   226
                       255    255    255   226
                       255    255    255   226
                       255    255    255   226
