! upc_dcc.tbl
! Color table for NIDS 256 level digital correlation coefficient 
!
                         0      0      0
                       149    148    156
                       149    148    156
                       149    148    156
                       149    148    156
                       149    148    156
                       149    148    156
                       149    148    156
                       149    148    156
                       149    148    156
                       149    148    156
                       149    148    156
                       149    148    156
                       149    148    156
                       149    148    156
                       149    148    156
                       149    148    156
                       149    148    156
                       149    148    156
                       149    148    156
                       149    148    156
                       149    148    156
                       149    148    156
                       149    148    156
                       149    148    156
                       142    142    155
                       113    111    151
                        64     62    145
                        31     29    141
                        22     20    140
                        22     20    140
                        22     20    140
                        22     20    140
                        22     20    140
                        22     20    140
                        22     20    140
                        22     20    140
                        22     20    140
                        22     20    140
                        22     20    140
                        22     20    140
                        22     20    140
                        22     20    140
                        22     20    140
                        22     20    140
                        22     20    140
                        22     20    140
                        21     18    149
                        17     13    172
                        12      6    200
                         9      2    215
                         9      2    217
                         9      2    217
                         9      2    217
                         9      2    217
                         9      2    217
                         9      2    217
                        10      3    217
                        28     22    217
                        72     67    216
                       116    113    214
                       135    133    214
                       137    135    214
                       134    143    205
                       122    175    173
                       105    220    125
                        94    249     96
                        92    255     89
                        93    254     87
                       102    245     72
                       118    228     40
                       133    213     13
                       138    207      3
                       140    207      2
                       151    212      2
                       185    225      1
                       228    241      0
                       251    248      0
                       255    241      0
                       255    219      0
                       255    185      1
                       255    137      2
                       248     78      1
                       227     28      1
                       194      8     15
                       179     26     59
                       157      0     49 
                       144     19     81 
                       139     30     77 
                       250    172    209
                       250    172    209
                       250    172    209
                       250    172    209
                       250    172    209
                       250    172    209
