                         0      0      0 
                       174    174    174
                       152    152    152
                       136    136    136
                       134    116    116
                        62    184    184
                         0    255    255
                         0    237    237
                         0    216    215
                         0    195    192
                         0    186    170
                         0    194    137
                         0    214     90
                         0    235     43
                         0    242     13
                         0    230      2
                         0    201      0
                         2    170      2
                        16    143     16
                        56    113     56
                       122     74    122
                       190     36    189
                       230     14    227
                       235     13    224
                       217     24    194
                       196     37    158
                       181     46    135
                       176     49    126
                       175     50    125
                       174     50    126
                       165     47    132
                       138     40    152
                        94     27    185
                        46     13    221
                        14      4    244
                         2      1    254
                         0      0    255
                         0      0    255
                         3      0    249
                        10      0    234
                        23      0    207
                        37      0    178
                        45      0    159
                        49      0    151
                        50      0    150
                        51      1    149
                        61     13    142
                        90     50    121
                       142    114     83
                       198    184     42
                       236    232     14
                       252    251      2
                       255    255      0
                       255    255      0
                       255    255      0
                       255    255      0
                       255    255      0
                       255    255      0
                       255    255      0
                       255    255      0
                       255    255      0
                       255    255      0
                       255    251      0
                       255    239      0
                       255    219      0
                       255    195      0
                       255    179      0
                       255    171      0
                       255    170      0
                       255    170      0
                       255    170      0
                       255    170      0
                       255    170      0
                       255    170      0
                       255    170      0
                       255    170      0
                       255    170      0
                       255    170      0
                       255    163      0
                       255    141      0
                       255    100      0
                       255     53      0
                       255     18      0
                       255      3      0
                       255      0      0
                       255      0      0
                       255      0      0
                       255      0      0
                       255      0      0
                       255      0      0
                       255      0      0
                       255      0      0
                       255      0      0
                       255      0      0
                       252      0      0
                       241      0      0
                       222      0      0
                       198      0      0
                       180      0      0
                       172      0      0
                       170      0      0
                       170      0      0
                       170      0      0
                       170      0      0
                       170      0      0
                       170      0      0
                       170      0      0
                       170      0      0
                       170      0      0
                       170      0      0
                       170      0      0
                       170      0      0
                       170      0      0
                       170      0      0
                       170      0      0
                       170      0      0
                       170      0      0
                       170      0      0
                       173      8      8
                       182     36     36
                       201     93     93
                       225    165    165
                       243    221    221
                       253    248    248
                       255    255    255
                       255    255    255
                       255    255    255
                       255    255    255
