! upc_dzd.tbl
! Color table for NIDS 256 level differential reflectivity
!
                         0      0      0
                         0      0      0
                         0      0      0
                         0      0      0
                         0      0      0
                         0      0      0
                         0      0      0
                         0      0      0
                         0      0      0
                         0      0      0
                         0      0      0
                         0      0      0
                         0      0      0
                         0      0      0
                         0      0      0
                         0      0      0
                         0      0      0
                         0      0      0
                         1      1      1
                         3      3      3
                         7      7      7
                        15     15     15
                        26     26     26
                        38     38     38
                        49     49     49
                        57     57     57
                        61     61     61
                        63     63     63
                        64     64     64
                        64     64     64
                        65     65     65
                        68     68     68
                        75     75     75
                        86     86     86
                       101    101    101
                       119    119    119
                       134    134    134
                       146    146    146
                       152    152    152
                       157    157    157
                       161    161    161
                       167    167    167
                       174    174    174
                       183    183    183
                       190    190    190
                       196    196    196
                        88     85    174
                        62     77    175
                        42     85    180
                        35    110    190
                        38    145    199
                        46    180    203
                        56    209    199
                        66    227    185
                        77    234    162
                        92    233    135
                       116    230    112
                       151    227     98
                       189    219     89
                       221    202     83
                       239    173     73
                       244    137     60
                       240     97     44
                       232     59     27
                       225     29     14
                       220     11      5
                       215      3      2
                       210      1      0
                       201      0      0
                       191      0      0
                       183      1      1
                       179      3      4
                       181     10     15
                       189     26     38
                       202     50     74
                       219     79    116
                       233    105    153
                       241    123    177
                       246    137    191
                       248    154    202
                       250    178    215
                       252    206    230
                       253    230    242
                       254    244    249
                       252    246    251
                       244    235    245
                       228    205    229
                       202    156    205
                       172     99    176
                       146     51    151
                       130     20    135
                       122      6    128
