                       117     80    172
                       119     84    168
                       122     90    163
                       125     96    157
                       127    100    153
                       131    108    146
                       133    113    143
                       136    119    137
                       139    125    132
                       142    131    126
                       144    135    123
                       147    141    117
                       155    151     91
                       160    157    100
                       168    166    113
                       176    175    126
                       183    184    140
                       191    193    153
                       196    199    162
                       204    208    175
                       204    207    180
                       195    199    180
                       189    193    180
                       179    185    180
                       170    176    180
                       164    171    180
                       154    162    180
                       145    154    180
                       140    149    179
                       128    140    176
                       116    131    172
                       108    125    170
                        95    115    167
                        83    106    163
                        75    100    161
                        65     91    158
                        72    111    170
                        77    125    178
                        84    146    191
                        91    166    203
                        98    187    216
                       106    208    228
                        97    214    197
                        82    214    162
                        60    214    109
                        17    209     23
                        16    200     22
                        15    188     21
                        14    175     19
                        13    166     18
                        12    153     17
                        11    141     15
                        10    128     14
                         9    115     12
                         8    102     11
                         9     94      9
                        70    125      8
                       132    157      6
                       173    178      5
                       234    210      4
                       255    216      0
                       255    201      0
                       255    192      0
                       255    177      0
                       255    162      0
                       255    148      0
                       255    133      0
                       255      0      0
                       234      0      0
                       213      0      0
                       198      0      0
                       177      0      0
                       155      0      0
                       134      0      0
                       113      0      0
                       255    245    255
                       255    212    255
                       255    179    255
                       255    146    255
                       252    107    253
                       243     75    244
                       234     43    236
                       228     22    230
                       172      0    252
                       147      0    239
                       121      0    226
                        99      0    214
                         5    205    208
                         4    174    176
                         3    126    128
                         2     79     80
                         1     48     48
