                         0      0      0 
                         0      0      0 
                        25     26     26
                        50     57     57
                        63     92     96
                        56    127    137
                        35    152    173
                        17    160    194
                         8    154    199
                         3    142    194
                         3    126    183
                         7    104    167
                        15     75    149
                        24     54    134
                        25     68    123
                        18    113    112
                         9    155     93
                         3    170     63
                         1    168     31
                         2    168     10
                        14    174      2
                        49    176      1
                       106    170      0
                       160    165      0
                       191    169      1
                       196    166      2
                       185    136      2
                       169     82      1
                       163     33      0
                       173      7      6
                       193      0     33
                       213      0     88
                       231      0    165
                       243      0    223
                       243      0    223 
                         0      0      0
                         0      0      0
                         0      0      0
                         0      0      0
                         0      0      0
                         0      0      0
                         0      0      0
                         0      0      0
                         0      0      0
                         0      0      0
                         0      0      0
                         0      0      0
                         0      0      0
                         0      0      0
                         0      0      0
                         0      0      0
                         0      0      0
                         0      0      0
                         0      0      0
                         0      0      0
                         0      0      0
                         0      0      0
                         0      0      0
                         0      0      0
                         0      0      0
                         0      0      0
                         0      0      0
                        33     33     33
                        77     77     77
                        76     76     76
                        81     81     81
                        85     85     85
                        90     90     90
                        92     92     92
                        97     97     97
                       101    101    101
                       106    106    106
                       110    110    110
                       113    113    113
                       116    116    116
                       121    121    121
                       126    126    126
                       130    130    130
                       134    134    134
                       137    137    137
                       140    140    140
                       145    145    145
                       150    150    150
                       154    154    154
                       157    157    157
                       161    161    161
                       165    165    165
                       169    169    169
                       174    174    174
                       178    178    178
                       181    181    181
                       185    185    185
                       189    189    189
                       193    193    193
                       198    198    198
