! upc_dkd.tbl
! Color table for NIDS 256 level specific differential phase 
!
                         0      0      0
                       112    112    112
                       118    118    118
                       118    118    118
                       118    118    118
                       118    118    118
                       117    117    117
                       109    109    109
                       109    109    109
                        93     93     93
                        80     80     80
                        76     76     76
                        75     73     73
                        75     22     22
                        75      3      4
                        81      0      3
                        95      0     13
                       114      0     24
                       136      4     33
                       163     17     48
                       189     40     68
                       205     61     84
                       213     73     95
                       219     85    118
                       228    103    153
                       233    117    178
                       225    121    185
                       199    124    184
                       168    127    183
                       151    132    185
                       139    155    197
                       120    202    222
                       104    241    242
                        93    249    235
                        72    231    182
                        42    205    106
                        23    190     59
                        18    196     44
                        15    219     30
                        12    243     17
                        10    254     10
                        10    255     10
                        10    255     10
                        11    255     10
                        36    255      9
                       110    255      6
                       200    255      2
                       247    255      0
                       255    255      0
                       255    255      0
                       255    255      0
                       255    246      1
                       255    211      7
                       255    160     14
                       255    127     19
                       255    120     20
                       255    120     20
                       255    120     20
                       255    120     20
                       255    120     20
                       255    120     20
                       255    120     20
                       255    120     20
                       255    120     20
                       255    120     20
                       255    122     22
                       255    136     41
                       255    166     80
                       255    194    116
                       255    204    129
                       255    205    130
                       255    205    130
                       255    205    130
                       255    205    130
                       255    205    130
                       255    205    130
                       255    205    130
                       255    205    130
                       255    205    130
                       255    205    130
                       255    205    130
                       255    205    130
                       255    205    130
                       255    205    130
                       255    205    130
                       255    205    130
                       255    205    130
                       248    193    130
                       214    144    129
                       163     66    126
                       128     13    125
                       119      0    125
                       119      0    125
