                         0      0      0
                       170    170    170
                       118    118    118
                         0    255    255
                         0    175    175
                         0    255      0
                         0    143      0
                       255      0    255
                       175     50    125
                         0      0    255
                        50      0    150
                       255    255      0
                       255    170      0
                       255      0      0
                       174      0      0
                       255    255    255
