                         0      0      0
                       116     78    173
                       118     82    170
                       120     86    166
                       122     90    163
                       124     94    159
                       126     98    155
                       128    102    152
                       130    106    148
                       132    110    144
                       134    115    141
                       136    119    137
                       138    123    133
                       140    127    130
                       142    131    126
                       144    135    123
                       146    139    119
                       150    145     83
                       155    151     91
                       160    157    100
                       165    163    109
                       170    169    118
                       176    175    126
                       181    181    135
                       186    187    144
                       191    193    153
                       196    199    162
                       202    205    170
                       210    212    180
                       204    207    180
                       198    201    180
                       192    196    180
                       185    190    180
                       179    185    180
                       173    179    180
                       164    171    180
                       157    165    180
                       151    160    180
                       145    154    180
                       144    152    180
                       136    146    178
                       128    140    176
                       120    134    174
                       112    128    171
                       103    121    169
                        95    115    167
                        87    109    164
                        79    103    162
                        71     97    160
                        65     91    158
                        69    104    166
                        74    118    174
                        84    146    191
                        89    159    199
                        98    187    216
                       103    201    224
                       111    214    232
                        97    214    197
                        82    214    162
                        67    214    126
                        53    214     91
                        17    209     23
                        16    200     22
                        15    192     21
                        15    183     20
                        15    183     20
                        14    175     19
                        13    166     18
                        13    158     17
                        12    149     16
                        11    141     15
                        11    132     14
                        11    132     14
                        10    124     13
                         9    115     12
                         9    107     11
                         8     98     10
                        29    104      9
                        70    125      8
                       111    146      7
                       152    168      6
                       193    189      5
                       234    210      4
                       255    221      0
                       255    211      0
                       255    201      0
                       255    192      0
                       255    182      0
                       255    172      0
                       255    162      0
                       255    153      0
                       255    143      0
                       255    133      0
                       255      0      0
                       241      0      0
                       227      0      0
                       213      0      0
                       198      0      0
                       184      0      0
                       170      0      0
                       155      0      0
                       141      0      0
                       113      0      0
                       255    223    255
                       255    223    255
                       255    223    255
                       255    201    255
                       255    179    255
                       255    157    255
                       255    117    255
                       249     96    250
                       243     75    244
                       237     54    239
                       231     32    233
                       225     11    227
                       172      0    252
                       155      0    244
                       136      0    234
                       121      0    226
                       105      0    219
                         5    236    240
                         5    205    208
                         4    174    176
                         3    142    144
                         3    111    112
                         2     79     80
                         1     48     48
                        58    103    181
                       255    255    255
                         0      0      0
                         0      0      0
                         0      0      0
                         0      0      0
                         0      0      0
                         0      0      0
                         0      0      0
                         0      0      0
                         0      0      0
                         0      0      0
                         0      0      0
                         0      0      0
                         0      0      0
