                         0      0      0
                       127      0    207
                       255      0    132
                       249      0    132
                       243      0    133
                       237      0    134
                       231      0    135
                       225      1    136
                       219      1    137
                       212      1    137
                       206      1    138
                       200      1    139
                       194      2    140
                       188      2    141
                       182      2    142
                       175      2    142
                       169      2    143
                       163      3    144
                       157      3    145
                       151      3    146
                       145      3    147
                       138      3    147
                       132      4    148
                       126      4    149
                       120      4    150
                       114      4    151
                       108      4    152
                        93      5    153
                        85      5    153
                        77      4    153
                        69      4    153
                        61      3    153
                        52      3    153
                        44      3    153
                        36      2    153
                        28      2    153
                        22      2    153
                        22     12    156
                        23     23    160
                        24     34    163
                        25     44    167
                        26     55    170
                        27     66    174
                        28     76    177
                        29     87    181
                        30     98    184
                        31    108    188
                        32    119    192
                        33    130    195
                        34    140    199
                        35    151    202
                        36    162    206
                        37    172    209
                        38    183    213
                        39    194    216
                        40    204    220
                        48    224    227
                        52    224    227
                        58    224    227
                        65    225    228
                        71    226    229
                        78    226    229
                        84    227    230
                        91    228    231
                        97    229    232
                       104    229    232
                       110    230    233
                       117    231    234
                       123    231    234
                       130    232    235
                       136    233    236
                       143    234    237
                       149    234    237
                       156    235    238
                       162    236    239
                       169    236    239
                       175    237    240
                       182    238    241
                       167    241    218
                       154    242    200
                       140    243    181
                       127    245    163
                       113    246    144
                       100    247    126
                        87    248    108
                        73    250     89
                        60    251     71
                        46    252     52
                        33    253     34
                         3    250      3
                         3    245      3
                         3    240      3
                         3    234      3
                         3    229      3
                         3    224      3
                         3    219      3
                         3    213      3
                         3    208      3
                         3    203      3
                         3    198      3
                         3    192      3
                         3    187      3
                         3    182      3
                         3    177      3
                         2    171      2
                         2    166      2
                         2    161      2
                         2    156      2
                         2    150      2
                         2    145      2
                         2    140      2
                         2    135      2
                         2    129      2
                         2    124      2
                         2    119      2
                         2    114      2
                         2    108      2
                         2    103      2
                         5    102      3
                        78    121     76
                        82    122     80
                        86    124     84
                        90    125     88
                        94    126     92
                        98    128     96
                       102    129    100
                       106    130    104
                       110    132    108
                       114    133    112
                       138    118    118
                       138    114    129
                       138    108    122
                       137    102    115
                       136     95    108
                       136     89    101
                       135     82     94
                       134     76     86
                       133     69     79
                       133     63     72
                       132     56     65
                       110      0      0
                       115      0      0
                       121      0      0
                       126      0      0
                       132      0      1
                       137      0      1
                       143      0      1
                       149      0      2
                       154      0      2
                       160      0      2
                       165      0      3
                       171      0      3
                       176      0      3
                       182      0      4
                       188      0      4
                       193      0      4
                       199      0      4
                       204      0      5
                       210      0      5
                       215      0      5
                       221      0      6
                       227      0      6
                       232      0      6
                       238      0      7
                       243      0      7
                       250     55     81
                       250     60     89
                       250     65     97
                       250     71    105
                       251     76    113
                       251     82    122
                       251     87    130
                       252     93    138
                       252     98    146
                       252    104    155
                       252    109    163
                       253    115    171
                       253    120    179
                       253    126    188
                       254    131    196
                       254    137    204
                       255    140    213
                       255    149    208
                       255    159    203
                       255    168    198
                       255    178    193
                       255    187    188
                       255    197    183
                       255    206    178
                       255    216    173
                       255    225    168
                       255    232    163
                       255    228    159
                       255    224    155
                       255    219    151
                       255    215    147
                       255    211    142
                       255    206    138
                       255    202    134
                       255    197    130
                       255    193    125
                       255    189    121
                       255    184    117
                       255    180    113
                       255    176    108
                       255    171    104
                       255    167    100
                       255    162     96
                       255    158     91
                       255    154     87
                       255    149     83
                       255    138     79
                       252    135     78
                       248    132     76
                       245    129     74
                       241    126     72
                       238    123     71
                       234    120     69
                       231    117     67
                       227    114     65
                       224    111     63
                       220    108     62
                       216    104     60
                       213    101     58
                       209     98     56
                       206     95     54
                       202     92     53
                       199     89     51
                       195     86     49
                       192     83     47
                       188     80     45
                       185     77     44
                       181     74     42
                       177     70     40
                       174     67     38
                       170     64     36
                       167     61     35
                       163     58     33
                       160     55     31
                       156     52     29
                       153     49     27
                       149     46     26
                       146     43     24
                       142     40     22
                       138     36     20
                       135     33     18
                       131     30     17
                       128     27     15
                       124     24     13
                       121     21     11
                       117     18      9
                       114     15      8
                       110     12      6
                       107      9      4
                       103      6      2
                       255    255    255
