                         0      0       0
                        13     13      14
                        26     26      28
                        33     33      37
                        35     35      41
                        38     38      45
                        44     44      53
                        49     49      61
                        54     54      66
                        58     58      72
                        64     64      80
                        69     69      88
                        73     73      93
                        78     78      99
                        81     81     104
                        85     85     109
                        92     92     118
                        96     96     124
                       100    100     130
                        31     42     104
                        37     51     120
                        43     61     136
                        46     53     144
                        53     77     164
                        56     81     172
                        59     86     180
                        64     95     196
                        70    104     212
                        73    109     220
                        79    118     236
                         3    101      31
                         9    111      33
                        12    117      35
                        17    127      38
                        20    133      39
                        27    146      43
                        32    156      45
                        36    162      47
                        41    172      49
                        44    178      51
                        51    191      55
                        56    200      57
                        60    207      59
                        65    212      61
                        68    223      63
                        80    245      69
                       255    247      39
                       255    238      37
                       255    213      33
                       255    205      32
                       255    196      31
                       255    176      28
                       255    167      26
                       255    150      24
                       255    142      22
                       255    125      20
                       255    117      18
                       255    105      16
                       255     92      14
                       255     84      13
                       255     67      10
                       255     50       8
                       255     33       5
                       255     25       4
                       255      8       1
                       255      0       0
                       219      0       0
                       209      0       0
                       198      0       0
                       188      0       0
                       231      7     203
                       235     26     210
                       239     53     220
                       243     73     228
                       246     92     235
                       251    119     245
                       253    132     250
                       169    166     243
                       105    192     238
                         0    235     230
                         0      0       0
                         0      0       0
                         0      0       0
                         0      0       0
                         0      0       0
                         0      0       0
                         0      0       0
                         0      0       0
                         0      0       0
                         0      0       0
                         0      0       0
                         0      0       0
