! visgray.tbl
!
! Color table for VIS imagery 
!
!Color name    Abrev   Red  Green   Blue  X color name
                        40     40     40 
                        61     61     61 
                        65     65     65 
                        69     69     69 
                        73     73     73 
                        77     77     77 
                        81     81     81 
                        85     85     85 
                        85     85     85 
                        89     89     89 
                        89     89     89 
                        93     93     93 
                        93     93     93 
                        97     97     97 
                        97     97     97 
                       101    101    101 
                       101    101    101 
                       105    105    105 
                       105    105    105 
                       109    109    109 
                       109    109    109 
                       113    113    113 
                       113    113    113 
                       117    117    117 
                       117    117    117 
                       121    121    121 
                       121    121    121 
                       125    125    125 
                       125    125    125 
                       130    130    130 
                       130    130    130 
                       134    134    134 
                       134    134    134 
                       138    138    138 
                       138    138    138 
                       142    142    142 
                       142    142    142 
                       146    146    146 
                       146    146    146 
                       150    150    150 
                       150    150    150 
                       154    154    154 
                       154    154    154 
                       158    158    158 
                       158    158    158 
                       162    162    162 
                       162    162    162 
                       166    166    166 
                       170    170    170 
                       174    174    174 
                       174    174    174 
                       178    178    178 
                       182    182    182 
                       186    186    186 
                       190    190    190 
                       194    194    194 
                       198    198    198 
                       202    202    202 
                       210    210    210 
                       219    219    219 
                       227    227    227 
                       235    235    235 
                       243    243    243 
                       251    251    251 
