! watvap2.tbl
!
!Color table for WV imagery
!
!Color name    Abrev   Red  Green   Blue  X color name
                         0      0      0
                         0      0      0
                         0      0      0
                         0      0      0
                         0      0      0
                         0      0      0
                         0      0      0
                         0      0      0
                         0      0      0
                         0      0      0
                         0      0      0
                         0      0      0
                         0      0      0
                         0      0      0
                         0      0      0
                         0      0      0
                         0      0      0
                         0      0      0
                         0      0      0
                         0      0      0
                         0      0      0
                         0      0      0
                         0      0      0
                         0      0      0
                         0      0      0
                         0      0      0
                         0      0      0
                         0      0      0
                         0      0      0
                         0      0      0
                         0      0      0
                         0      0      0
                         0      0      0
                         0      0      0
                         0      0      0
                         0      0      0
                         0      0      0
                         0      0      0
                         0      0      0
                         0      0      0
                         0      0      0
                         0      0      0
                         0      0      0
                         0      0      0
                         0      0      0
                         0      0      0
                         0      0      0
                         0      0      0
                         0      0      0
                         0      0      0
                         0      0      0
                         0      0      0
                         0      0      0
                         0      0      0
                         0      0      0
                         0      0      0
                         0      0      0
                         0      0      0
                         0      0      0
                         0      0      0
                         0      0      0
                         0      0      0
                         0      0      0
                         0      0      0
                         0      0      0
                         0      0      0
                         0      0      0
                         0      0      0
                         0      0      0
                         0      0      0
                         0      0      0
                         0      0      0
                         0      0      0
                         0      0      0
                         0      0      0
                         0      0      0
                         0      0      0
                         0      0      0
                         0      0      0
                         0      0      0
                         0      0      0
                         0      0      0
                         0      0      0
                         0      0      0
                         0      0      0
                         0      0      0
                         0      0      0
                         0      0      0
                         0      0      0
                         0      0      0
                         0      0      0
                         0      0      0
                         0      0      0
                         0      0      0
                         0      0      0
                         0      0      0
                         0      0      0
                         0      0      0
                         0      0      0
                         0      0      0
                         0      0      0
                         0      0      0
                         0      0      0
                         0      0      0
                         0      0      0
                         0      0      0
                         0      0      0
                         0      0      0
                         0      0      0
                         0      0      0
                         0      0      0
                         0      0      0
                         0      0      0
                         0      0      0
                         0      0      0
                         0      0      0
                         0      0      0
                         0      0      0
                         0      0      0
                         0      0      0
                         0      0      0
                         0      0      0
                         0      0      0
                         0      0      0
                         0      0      0
                         0      0      0
                        10     10     10
                        20     20     20
                        30     30     30
                        40     40     40
                        50     50     50
                        60     60     60
                        70     70     70
                        80     80     80
                        90     90     90
                       100    100    100
                       110    110    110
                       120    120    120
                       130    130    130
                       140    140    140
                       150    150    150
                       160    160    160
                       170    170    170
                       180    180    180
                       190    190    190
                       200    200    200
                       210    210    210
                       220    220    220
                       230    230    230
                       240    240    240
                       250    250    250
                       255    255    255
                       255    255    255
                       255    255    255
                       255    255    255
                       255    255    255
                       255    255    255
                       255    255    255
                       255    255    255
                       255    255    255
                       255    255    255
                       255    255    255
                       255    255    255
                       255    255    255
                       255    255    255
                       255    255    255
                       255    255    255
                       255    255    255
                       255    255    255
                       255    255    255
                       255    255    255
                       255    255    255
                       255    255    255
                       255    255    255
                       255    255    255
                       255    255    255
                       255    255    255
                       255    255    255
                       255    255    255
                       255    255    255
                       255    255    255
                       255    255    255
                       255    255    255
                       255    255    255
                       255    255    255
                       255    255    255
                       255    255    255
                       255    255    255
                       255    255    255
                       255    255    255
                       255    255    255
                       255    255    255
                       255    255    255
