! watvap.tbl
!
!Color table for IR imagery 
!
!Color name    Abrev   Red  Green   Blue  X color name
                         0      0      0
                         0      0      0
                         0      0      0
                         0      0      0
                         0      0      0
                         0      0      0
                         0      0      0
                         0      0      0
                         0      0      0
                         0      0      0
                         0      0      0
                         0      0      0
                         0      0      0
                         0      0      0
                         0      0      0
                         0      0      0
                         0      0      0
                         0      0      0
                         0      0      0
                         0      0      0
                         0      0      0
                         0      0      0
                         0      0      0
                         0      0      0
                         0      0      0
                         0      0      0
                         0      0      0 
                         0      0      0
                         0      0      0
                         0      0      0
                         0      0      0
                         0      0      0
                         0      0      0
                         0      0      0
                         0      0      0
                         0      0      0
                         0      0      0
                         0      0      0
                         0      0      0
                         0      0      0
                         0      0      0
                         0      0      0
                         0      0      0
                         0      0      0
                         0      0      0
                         0      0      0
                         0      0      0
                         0      0      0
                         0      0      0
                         0      0      0
                         0      0      0
                         0      0      0
                         0      0      0
                         0      0      0
                         0      0      0
                         0      0      0
                         0      0      0
                         0      0      0
                         0      0      0
                         0      0      0
                         0      0      0
                         0      0      0
                         0      0      0 
                         0      0      0 
                         0      0      0
                         0      0      0
                         0      0      0
                         0      0      0
                         0      0      0
                         0      0      0
                         0      0      0
                         0      0      0
                         0      0      0
                         0      0      0
                         0      0      0
                         0      0      0
                         0      0      0
                         0      0      0
                         0      0      0
                         0      0      0
                         0      0      0
                         0      0      0
                         0      0      0
                         0      0      0
                         0      0      0
                         0      0      0
                         0      0      0
                         0      0      0
                         0      0      0
                         0      0      0
                         0      0      0
                         0      0      0
                         0      0      0
                         0      0      0
                         0      0      0
                         0      0      0
                         0      0      0
                         0      0      0
                         0      0      0
                         0      0      0
                         0      0      0
                         0      0      0
                         0      0      0
                         0      0      0
                         0      0      0
                         0      0      0
                         5      5      5
                        10     10     10
                        15     15     15
                        20     20     20
                        25     25     25
                        30     30     30
                        35     35     35
                        40     40     40
                        45     45     45
                        50     50     50
                        55     55     55
                        60     60     60
                        65     65     65
                        70     70     70
                        75     75     75
                        80     80     80
                        85     85     85
                        90     90     90
                        95     95     95
                       100    100    100
                       105    105    105
                       110    110    110
                       115    115    115
                       120    120    120
                       125    125    125
                       130    130    130
                       135    135    135
                       140    140    140
                       145    145    145
                       150    150    150
                       155    155    155
                       160    160    160
                       165    165    165
                       170    170    170
                       175    175    175
                       180    180    180
                       185    185    185
                       190    190    190
                       195    195    195
                       200    200    200
                       205    205    205
                       210    210    210
                       215    215    215
                       220    220    220
                       225    225    225
                       230    230    230
                       235    235    235  
                       240    240    240
                       245    245    245
                       250    250    250
                       255    255    255
                       255    255    255
                       255    255    255
                       255    255    255
                       255    255    255
                       255    255    255
                       255    255    255
                       255    255    255
                       255    255    255
                       255    255    255
                       255    255    255
                       255    255    255
                       255    255    255
                       255    255    255
                       255    255    255
                       255    255    255
                       255    255    255
                       255    255    255
                       255    255    255
                       255    255    255
                       255    255    255
                       255    255    255
                       255    255    255
                       255    255    255
                       255    255    255
                       255    255    255
                       255    255    255
                       255    255    255
                       255    255    255
                       255    255    255
                       255    255    255
                       255    255    255
                       255    255    255
                       255    255    255
                       255    255    255
                       255    255    255
                       255    255    255
                        
                         
                         
                         
                         
