! watvap.tbl
!
! Color table for IR WV imagery 
!
!Color name    Abrev   Red  Green   Blue  X color name
                         0      0      0
                         0      0      0
                         0      0      0
                         0      0      0
                         0      0      0
                         0      0      0
                         0      0      0
                         0      0      0
                         0      0      0
                         0      0      0
                         0      0      0
                         0      0      0
                         0      0      0
                         0      0      0
                         0      0      0
                         0      0      0
                         0      0      0
                         0      0      0
                         0      0      0
                         0      0      0
                         0      0      0
                         0      0      0
                         0      0      0
                         0      0      0
                         0      0      0
                         0      0      0
                         0      0      0
                         0      0      0
                         0      0      0
                         0      0      0
                         0      0      0
                         0      0      0
                         0      0      0
                         0      0      0
                         0      0      0
                         0      0      0
                         0      0      0
                         0      0      0
                         0      0      0
                         0      0      0
                         0      0      0
                         0      0      0
                         0      0      0
                         0      0      0
                         0      0      0
                         0      0      0
                         0      0      0
                         0      0      0
                         0      0      0
                         0      0      0
                         0      0      0
                         0      0      0
                        12     12     12
                        24     24     24
                        36     36     36
                        48     48     48
                        60     60     60
                        72     72     72
                        84     84     84
                        96     96     96
                       108    108    108
                       120    120    120
                       132    132    132
                       144    144    144
                       156    156    156
                       168    168    168
                       180    180    180
                       192    192    192
                       204    204    204
                       216    216    216
                       228    228    228
                       240    240    240
                       252    252    252
                         0    110      0
                         0    130      0
                         0    150      0
                         0    170      0
                        50      0      0
                        80      0      0
                       110      0      0
                       140      0      0
                       170      0      0
                       200      0      0
                       230      0      0
                       255      0      0
                         0      0      0
                         0      0      0
                         0      0      0
                         0      0      0
                         0      0      0
                         0      0      0
                         0      0      0
                         0      0      0
                         0      0      0
                         0      0      0
                         0      0      0
                         0      0      0
                         0      0      0
