! watvap.tbl
!
!Color table for IR imagery 
!
!Color name    Abrev   Red  Green   Blue  X color name
                         0      0      0
                         0      0      0
                         0      0      0
                         0      0      0
                         0      0      0
                         0      0      0
                         0      0      0
                         0      0      0
                         0      0      0
                         0      0      0
                         0      0      0
                         0      0      0
                         0      0      0
                         0      0      0
                         0      0      0
                         0      0      0
                         0      0      0
                         0      0      0
                         0      0      0
                         0      0      0
                         0      0      0
                         0      0      0
                         0      0      0
                         0      0      0
                         0      0      0
                         0      0      0
                         0      0      0
                         0      0      0
                         0      0      0
                         0      0      0
                         0      0      0
                         0      0      0
                         0      0      0
                         0      0      0
                         0      0      0
                         0      0      0
                         0      0      0
                         0      0      0
                         0      0      0
                         0      0      0
                         0      0      0
                         0      0      0
                         0      0      0
                         0      0      0
                         0      0      0
                         0      0      0
                         0      0      0
                         0      0      0
                         0      0      0
                         0      0      0
                         0      0      0
                         0      0      0
                         0      0      0
                         0      0      0
                       200    240    100
                       200    220     90
                       200    200     80
                       200    180     70
                       200    160     60
                       200    140     50
                       200    120     40
                       200    100     30
                       200     80     20
                       180     60     10
                        20     60     40
                        30     70     50
                        40     80     60
                        50     90     70
                        60    100     80
                       100    140     90
                       110    150    100
                       120    160    110
                       130    170    120
                       140    180    130
                       150    190    140
                       160    200    150
                       170    210    160
                       180    220    170
                       190    230    180
                       200    240    190
                       210    250    200
                       220    255    210
                       230    255    220
                       240    255    230
                       250    255    240
                       200    200    230
                       205    205    235
                       210    210    240
                       215    215    245
                       220    220    250
                       225    225    255
                       230    230    255  
                       235    235    255
                        
                         
                         
                         
                         
