                        15     15      0
                        23     23      0
                        33     33      0
                        41     41      0
                        21     21      0
                         0      0      0
                         0      0      0
                        77     77      0
                        85     85      0
                        94     94      0
                       103    103      0
                       112    112      0
                       121    121      0
                       129    129      0
                       138    138      0
                       147    147      0
                       156    156      0
                       164    164      0
                       173    173      0
                       182    182      0
                       191    191      0
                       199    199      0
                       195     60     60
                       114     39     39
                        37     18     18
                       120      0      0
                       174      0      0
                       238      0      0
                       197     86      0
                       130     39      0
                        43     28     28
                        72     72     72
                       111    111    111
                       142    142    142
                       161    161    161
                       181    181    181
                       200    200    200
                       220    220    220
                       255    255    255
                        89    139    189
                         0      0    100
                         0      0    144
                         0      0    188
                         0      0    232
                         0    104      0
                         0    148      0
                         0    192      0
                         0    236      0
                       109      0      0
                       152      0      0
                       197      0      0
                       240      0      0
                       240    240      7
                       190    190     30
                       140    140     52
                        90     90     75
                       235    235    235
                       185    185    185
                       135    135    135
                        85     85     85
                         0      0     50
                         0      0     50
                         0      0     50
                         0      0     50
