!   wvcolor.tbl  
!
!   Color lookup table
!
!Color name    Abrev   Red  Green   Blue  X color name
                         0      0      0
                         0      0      0
                         0      0      0
                         0      0      0
                         0      0      0
                         0      0      0
                         0      0      0
                         0      0      0
                         0      0      0
                         0      0      0
                         0      0      0
                         0      0      0
                         0      0      0
                         0      0      0
                         0      0      0
                         0      0      0
                         0      0      0
                         0      0      0
                         0      0      0
                         0      0      0
                         0      0      0
                         0      0      0
                         0      0      0
                         0      0      0
                         0      0      0
                         0      0      0
                         0      0      0
                         0      0      0
                         0      0      0
                         0      0      0
                         0      0      0
                         0      0      0
                         0      0      0
                         0      0      0
                         0      0      0
                         0      0      0
                         0      0      0
                         0      0      0
                         0      0      0
                         0      0      0
                         0      0      0
                         0      0      0
                         0      0      0
                         0      0      0
                         0      0      0
                         0      0      0
                         0      0      0
                         0      0      0
                         0      0      0
                         0      0      0
                         0      0      0
                         0      0      0
                         0      0      0
                         0      0      0
                         0      0      0
                         0      0      0
                         0      0      0
                         0      0      0
                         0      0      0
                         0      0      0
                         0      0      0
                         0      0      0
                         0      0      0
                         0      0      0
                         0      0      0
                         0      0      0
                         0      0      0
                         0      0      0
                         0      0      0
                         0      0      0
                         0      0      0
                         0      0      0
                         0      0      0
                         0      0      0
                         0      0      0
                         0      0      0
                         0      0      0
                         0      0      0
                         0      0      0
                         0      0      0
                         0      0      0
                         0      0      0
                         0      0      0
                         0      0      0
                         0      0      0
                         0      0      0
                         0      0      0
                         0      0      0
                         0      0      0
                         0      0      0
                         0      0      0
                         0      0      0
                         0      0      0
                         0      0      0
                         0      0      0
                         0      0      0
                         0      0      0
                         0      0      0
                         0      0      0
                         0      0      0
                         0      0      0
                         0      0      0
                         0      0      0
                         0      0      0
                         0      0      0
                         0      0      0
                         0      0      0
                         0      0      0
                         0      0      0
                         0      0      0
                         0      0      0
                         0      0      0
                         0      0      0
                         0      0      0
                         0      0      0
                         0      0      0
                         0      0      0
                         0      0      0
                         0      0      0
                         0      0      0
                         0      0      0
                         0      0      0
                         0      0      0
                         0      0      0
                         0      0      0
                         0      0      0
                         0      0      0
                         0      0      0
                         0      0      0
                         0      0      0
                         0      0      0
                         0      0      0
                         0      0      0
                         0      0      0
                         0      0      0
                         0      0      0
                         0      0      0
                         0      0      0
                        75      0      0
                        87      0      0
                       100      0      0
                       113      0      0
                       125      0      0
                       138      0      0
                       151      0      0
                       164      0      0
                       176      0      0
                       189      0      0
                       202      0      0
                       214      0      0
                       227      0      0
                       240      0      0
                       253      0      0
                       255     75     75
                       239     71     71
                       223     67     67
                       207     63     63
                       191     59     59
                       176     55     55
                       160     51     51
                       144     47     47
                       128     43     43
                       112     39     39
                        97     35     35
                        81     31     31
                        65     27     27
                        49     23     23
                        34     19     19
                        35     35     35
                        42     42     42
                        50     50     50
                        57     57     57
                        65     65     65
                        72     72     72
                        80     80     80
                        88     88     88
                        95     95     95
                       103    103    103
                       110    110    110
                       118    118    118
                       126    126    126
                       133    133    133
                       141    141    141
                       148    148    148
                       156    156    156
                       163    163    163
                       171    171    171
                       179    179    179
                       186    186    186
                       194    194    194
                       201    201    201
                       209    209    209
                       217    217    217
                       255    255    255
                       212    255    255
                       170    255    255
                       127    255    255
                        85    255    255
                        42    255    255
                         0    255    255
                         0    255    255
                         0    233    255
                         0    212    255
                         0    191    255
                         0    170    255
                         0    148    255
                         0    127    255
                         0    106    255
                         0     85    255
                         0     63    255
                         0     42    255
                         0     21    255
                         0      0    255
                         0      0    249
                         0      0    243
                         0      0    237
                         0      0    231
                         0      0    225
                         0      0    219
                         0      0    213
                         0      0    207
                         0      0    201
                         0      0    195
                         0      0    189
                         0      0    183
                         0      0    177
                         0      0    171
                         0      0    166
                         0      0    160
                         0      0    154
                         0      0    148
                         0      0    142
                         0      0    136
                         0      0    130
                         0      0    124
                         0      0    118
                         0      0    112
                         0      0    106
                         0      0    100
                         0      0     94
                         0      0     88
                         0      0     83
                         0      0     77
                         0      0     71
                         0      0     65
                         0      0     59
                         0      0     53
                         0      0     47
                         0      0     41
                         0      0     35
                         0      0     29
                         0      0     23
                         0      0     17
                         0      0     11
                         0      0      5
                         0      0      0
