! wv_upc.tbl
!
! Unidata Color table for WV imagery 
!
!Color name    Abrev   Red  Green   Blue  X color name
                         0      0      0
                         0      0      0
                         0      0      0
                         0      0      0
                         0      0      0
                         0      0      0
                         0      0      0
                         0      0      0
                         0      0      0
                         0      0      0
                         0      0      0
                         0      0      0
                         0      0      0
                         0      0      0
                         0      0      0
                         0      0      0
                         0      0      0
                         0      0      0
                         0      0      0
                         0      0      0
                         0      0      0
                         0      0      0
                         0      0      0
                         0      0      0
                         0      0      0
                         0      0      0
                         0      0      0
                         0      0      0
                         0      0      0
                         0      0      0
                         0      0      0
                         0      0      0
                         0      0      0
                         0      0      0
                         0      0      0
                         0      0      0
                         0      0      0
                         0      0      0
                         0      0      0
                         0      0      0
                         0      0      0
                         0      0      0
                         0      0      0
                         0      0      0
                         0      0      0
                         0      0      0
                         0      0      0
                         0      0      0
                         0      0      0
                         0      0      0
                         0      0      0
                         0      0      0
                         0      0      0
                         0      0      0
                         0      0      0
                         0      0      0
                         0      0      0
                         0      0      0
                         0      0      0
                         0      0      0
                         0      0      0
                         0      0      0
                         0      0      0
                         0      0      0
                         0      0      0
                         0      0      0
                         0      0      0
                         0      0      0
                         0      0      0
                         0      0      0
                         0      0      0
                         5      5      5
                        10     10     10
                        15     15     15
                        20     20     20
                        25     25     25
                        30     30     30
                        35     35     35
                        40     40     40
                        45     45     45
                        50     50     50
                        55     55     55
                        60     60     60
                        65     65     65
                        75     75     75
                        85     85     85
                        95     95     95
                       105    105    105
                       115    115    115
                       125    125    125
                       135    135    135
                       145    145    145
                       155    155    155
                       165    165    165
                       175    175    175
                       185    185    185
                       195    195    195
                       205    205    205
                       210    210    210
                       215    215    215
                       220    220    220
                       225    225    225
                       230    230    230
                       235    235    235
                       240    240    240
                       245    245    245
                       250    250    250
                       255    255    255
                       255    255    255
                       255    255    255
                       255    255    255
                       255    255    255
                       255    255    255
                       255    255    255
                       255    255    255
                       000    000    000
                       000    000    000
                       000    000    000
                       000    000    000
                       000    000    000
                       000    000    000
                       000    000    000
                       000    000    000
                       000    000    000
                       000    000    000
                       000    000    000
                       000    000    000
                       000    000    000
