! wv_upc2.tbl
!
! Unidata Color table for WV imagery 
!
!Color name    Abrev   Red  Green   Blue  X color name
                         0      0      0
                         0      0      0
                         0      0      0
                         0      0      0
                         0      0      0
                         0      0      0
                         0      0      0
                         0      0      0
                         0      0      0
                         0      0      0
                         0      0      0
                         0      0      0
                         0      0      0
                         0      0      0
                         0      0      0
                         0      0      0
                         0      0      0
                         0      0      0
                         0      0      0
                         0      0      0
                         0      0      0
                         0      0      0
                         0      0      0
                         0      0      0
                         0      0      0
                         0      0      0
                         0      0      0
                         0      0      0
                         0      0      0
                         0      0      0
                         0      0      0
                         0      0      0
                         0      0      0
                         0      0      0
                         0      0      0
                         0      0      0
                         0      0      0
                         0      0      0
                         0      0      0
                         0      0      0
                         0      0      0
                         0      0      0
                         0      0      0
                         0      0      0
                         0      0      0
                         0      0      0
                         0      0      0
                         0      0      0
                         0      0      0
                         0      0      0
                         0      0      0
                         0      0      0
                         0      0      0
                         0      0      0
                         0      0      0
                         0      0      0
                         0      0      0
                         0      0      0
                         0      0      0
                         0      0      0
                         0      0      0
                         0      0      0
                         0      0      0
                         0      0      0
                         0      0      0
                         0      0      0
                        60      0     60 
                       128      0    128 
                       192      0    192 
                       228      0    228 
                       203      0    255 
                       160      0    255 
                        64      0    255 
                         0      0    255 
                         0      0    203 
                         0      0    175 
                         0      0    128 
                         0      0     80 
                         0     40     80 
                         0     80    128 
                         0    160    193 
                         0    220    255 
                         0    255    255 
                         0    203    203 
                         0    175    175 
                         0    128    128
                         0    175    110
                         0    193    128 
                         0    215     20 
                         0    203      0 
                         0    165      0 
                        60    130      0 
                       128    180      0 
                       190    223      0 
                       255    255      0
                       255    203      0
                       255    160      0
                       255    100      0
                       255     40      0
                       203      0      0
                       160      0      0
                       120      0      0
                        60      0      0
                        25      0      0 
                         0      0      0
                        10     10     10
                        20     20     20
                        30     30     30
                        40     40     40
                        50     50     50
                        60     60     60
                        70     70     70
                        80     80     80
                        90     90     90
                       100    100    100
                       110    110    110
                       120    120    120
                       130    130    130
                       140    140    140
                       150    150    150
                       160    160    160
                       170    170    170
                       180    180    180
                       190    190    190
                       200    200    200
                       210    210    210
                       220    220    220
                       255    255    255 
