                       0      0      0
                       0      0      0
                       0      0      0
                       0      0      0
                       0      0      0
                       0      0      0
                       0      0      0
                       0      0      0
                       0      0      0
                       0      0      0
                       0      0      0
                       0      0      0
                       0      0      0
                       0      0      0
                       0      0      0
                       0      0      0
                       0      0      0
                       0      0      0
                       0      0      0
                       0      0      0
                       0      0      0
                       0      0      0
                       0      0      0
                       0      0      0
                       0      0      0
                       0      0      0
                       0      0      0
                       0      0      0
                       0      0      0
                       0      0      0
                       0      0      0
                       0      0      0
                       0      0      0
                       0      0      0
                       0      0      0
                       0      0      0
                       0      0      0
                       0      0      0
                       0      0      0
                       0      0      0
                       0      0      0
                       0      0      0
                       0      0      0
                       0      0      0
                       0      0      0
                       0      0      0
                       0      0      0
                       0      0      0
                       0      0      0
                       0      0      0
                       0      0      0
                       0      0      0
                       0      0      0
                       0      0      0
                       0      0      0
                       0      0      0
                       0      0      0
                       0      0      0
                       0      0      0
                       0      0      0
                       0      0      0
                       0      0      0
                       0      0      0
                       0      0      0
                       0      0      0
                       0      0      0
                       0      0      0
                       0      0      0
                       0      0      0
                       0      0      0
                       0      0      0
                       0      0      0
                       0      0      0
                       0      0      0
                       0      0      0
                       0      0      0
                       0      0      0
                       0      0      0
                       0      0      0
                       0      0      0
                       0      0      0
                       0      0      0
                       0      0      0
                       0      0      0
                       0      0      0
                       0      0      0
                       0      0      0
                       0      0      0
                       0      0      0
                       0      0      0
                       0      0      0
                       0      0      0
                       0      0      0
                       0      0      0
                       0      0      0
                       0      0      0
                       0      0      0
                       0      0      0
                       0      0      0
                       0      0      0
                       0      0      0
                       0      0      0
                       0      0      0
                       0      0      0
                       0      0      0
                       0      0      0
                       0      0      0
                       0      0      0
                       0      0      0
                       0      0      0
                     255      0      0
                     255      8      0
                     255     16      0
                     255     24      0
                     255     32      0
                     255     40      0
                     255     48      0
                     255     56      0
                     255     64      0
                     255     72      0
                     255     80      0
                     255     89      1
                     255     97      1
                     255    105      1
                     255    113      1
                     255    121      1
                     255    129      1
                     255    137      1
                     255    145      1
                     255    153      1
                     255    161      1
                     255    170      2
                     255    178      2
                     255    186      2
                     255    194      2
                     255    202      2
                     255    210      2
                     255    218      2
                     255    226      2
                     255    234      2
                     255    242      2
                     255    251      3
                     247    243      8
                     239    235     13
                     230    226     19
                     222    218     24
                     213    210     30
                     205    201     35
                     197    193     41
                     188    185     46
                     180    176     51
                     171    168     57
                     163    159     62
                     155    151     68
                     146    143     73
                     138    134     79
                     130    126     84
                     121    118     89
                     113    109     95
                     104    101    100
                      96     93    106
                      87     84    111
                      79     76    117
                      71     67    122
                      62     59    127
                      54     51    133
                      46     42    138
                      37     34    144
                      29     26    149
                      20     17    155
                      12      9    160
                       3      0    166
                      15     12    170
                      28     25    174
                      40     38    179
                      53     51    183
                      66     63    188
                      78     76    192
                      91     89    197
                     103    102    201
                     116    114    206
                     129    127    210
                     141    140    214
                     154    153    219
                     166    165    223
                     179    178    228
                     192    191    232
                     204    204    237
                     217    216    241
                     229    229    246
                     242    242    250
                     255    255    255
                     246    250    246
                     237    245    237
                     227    239    227
                     218    234    218
                     208    228    208
                     199    223    199
                     190    217    190
                     180    212    180
                     171    206    171
                     161    201    161
                     152    195    152
                     143    190    143
                     133    184    133
                     124    179    124
                     114    173    114
                     105    168    105
                      96    162     96
                      86    157     86
                      77    151     77
                      67    146     67
                      58    140     58
                      49    135     49
                      39    129     39
                      30    124     30
                      20    118     20
                      11    113     11
                       1    107      1
                       1    110      7
                       1    114     14
                       1    118     21
                       1    122     28
                       1    126     35
                       1    130     42
                       1    134     49
                       1    138     55
                       1    142     62
                       2    145     69
                       2    149     76
                       2    153     83
                       2    157     90
                       2    161     97
                       2    165    103
                       2    169    110
                       2    173    117
                       2    177    124
                       3    180    131
                       3    184    138
                       3    188    145
                       3    192    152
                       3    196    158
                       3    200    165
                       3    204    172
                       3    208    179
                       3    212    186
                       4    215    193
                       4    219    200
                       4    223    206
                       4    227    213
                       4    231    220
                       4    235    227
                       4    239    234
                       4    243    241
                       4    247    248
                     255    255    255
