                         7      7      7
                        15     15     15
                        22     22     22
                        30     30     30
                        37     37     37
                        45     45     45
                        52     52     52
                        60     60     60
                        67     67     67
                        75     75     75
                        82     82     82
                        90     90     90
                        97     97     97
                       105    105    105
                       119    101    101
                       142     84     84
                       166     67     67
                       189     49     49
                       212     32     32
                       236     14     14
                       255      5      0
                       255     38      0
                       255     70      0
                       255    102      0
                       255    134      0
                       255    166      0
                       255    198      0
                       255    230      0
                       241    241      6
                       180    180     34
                       118    118     62
                        57     57     89
                         2      2    116
                        31     31    132
                        60     60    148
                        90     90    164
                       119    119    180
                       148    148    196
                       177    177    212
                       206    206    228
                       236    236    244
                       245    248    243
                       215    228    208
                       185    209    173
                       154    189    137
                       124    169    102
                        94    149     67
                        67    130     35
                        63    124     33
                        60    117     31
                        57    111     30
                        54    105     28
                        50     98     26
                        47     92     25
                        44     85     23
                        40     79     21
                        37     72     19
                        34     66     18
                        30     60     16
                        27     53     14
                        24     47     12
                        21     40     11
                        17     34      9
                        14     27      7
                        11     21      6
                         7     15      4
                         4      8      2
                         1      2      0
