300002 000002 000003                                                            
300003 000010 000011 000012                                                     
300004 300003 000013 000014 000015 000016 000017 000018 000019 000020           
300010 300003 101000 031001 000030                                              
301001 001001 001002                                                            
301002 001003 001004 001005                                                     
301003 001011 001012 001013                                                     
301011 004001 004002 004003                                                     
301012 004004 004005                                                            
301013 301012 004006                                                            
301021 005001 006001                                                            
301022 301021 007001                                                            
301023 005002 006002                                                            
301024 301023 007001                                                            
301025 301023 004003 301012                                                     
301026 301021 004003 004003 004004 004004 004005 004005                         
301031 301001 002001 301011 301012 301022                                       
301032 301001 002001 301011 301012 301024                                       
301033 001005 002001 301011 301012 301021                                       
301034 001005 002001 301011 301012 301023                                       
301035 001005 001012 001013 002001 301011 301012 301023                         
301036 301003 002001 301011 301012 301023                                       
301037 301001 002011 002012 301011 301012 301022                                
301038 301001 002011 002012 301011 301012 301024                                
301039 301003 001011 001012 301011 301012 301023                                
301040 301003 002011 002012 301011 301012 301024                                
301041 001007 002021 002022 301011 301012                                       
301042 301041 301021                                                            
301043 001007 002023 301011 301013 301021                                       
301044 001007 002024 301011 3010130301021                                       
301051 001006 002061 301011 301012 301021 008004                                
301062 101000 031001 301001                                                     
301190 004192 004193                                                            
301191 008192 008193 008194 008195 008196                                       
301192 301011 004004 301023                                                     
302001 010004 010051 010061 010063                                              
302002 010004 007004 010003 010061 010063                                       
302003 011011 011012 012004 012006 013003 020001 020003 020004 020005           
302004 020010 008002 020011 020013 020012 020012 020012                         
302005 008002 020011 020012 020013                                              
302011 302001 302003 302004                                                     
302012 302002 302003 302004                                                     
302021 022001 022011 022021                                                     
302022 022002 022012 022022                                                     
302023 022003 022013 022023                                                     
302024 302022 302023 302023                                                     
302190 010051 010061 010063 011001 011002 012001 012003                         
302191 012011 012012 020062 020063                                              
302192 020001 302193                                                            
302193 020001 302197                                                            
302194 004031 013011                                                            
302195 002002 011041 010052 004031 013012 013013 010192 010062                  
302196 010004 302193                                                            
302197 020003 020004 020005                                                     
302199 301032 301190 301191 302190                                              
303001 007003 011001 011002                                                     
303002 007004 011001 011002                                                     
303003 007004 010003 012001 012003                                              
303004 303003 011001 011002                                                     
303011 007003 008001 011001 011002                                              
303012 007004 008001 011001 011002                                              
303013 007004 008001 010003 012001 013003 011001 011002                         
303014 007004 008001 010003 012001 012003 011001 011002                         
303021 007004 007004 204007 031021                                              
303022 303021 010003 204000                                                     
303023 303021 012001 204000                                                     
303024 303021 013016 204000                                                     
303025 002025 204007 031021 012063 204000                                       
303026 007004 008003 204007 031021 012001 204000                                
303027 007004 204007 031021 010003 204000                                       
303031 007004 008003 007021 007022 008012 012061                                
303032 020011 020016                                                            
303192 001007 301011 301013 301023 303193 303194 303195 303196 303197           
303193 005022 008012 012061 008003 007004 002022 027020 022042 008003           
303194 103015 007004 007004 012007 008003 103003 007004 007004 013016 008003    
303195 007004 012007 008003 015001 008003 007004 020010 002021                  
303196 101020 012062 002021 101004 012062 002021                                
303197 101003 012062 103020 010004 012007 010002 102005 010004 012003           
304001 008003 010004 012001 011001 011002                                       
304002 008003 010004 011001 011002                                              
304003 008003 012001                                                            
304004 008003 010004 020010 012001                                              
304005 002024 007004 007004 013003                                              
304006 014001 014001 014003                                                     
306001 002032 102000 031001 007062 022042                                       
306002 002031 022004 022031                                                     
306003 002002 011011 011012 012004                                              
306004 002032 002033 103000 031001 007062 022042 022062                         
306005 002031 103000 031001 007062 022004 022031                                
306006 306003 306002 022063                                                     
306007 001012 001014 306008 004024 027003 028003                                
306008 002034 002035 002036                                                     
306009 010004 010061 010063 011001 011002 012004 013003 022042                  
307001 301031 302011                                                            
307002 301032 302011                                                            
307003 307001 101000 031001 302005                                              
307004 307002 101000 031001 302005                                              
307005 307001 101004 302005                                                     
307006 307002 101004 302005                                                     
307007 301031 302012                                                            
307008 301032 302012                                                            
307192 020011 020012 020013                                                     
307193 302199 020001 020010 012011 012012 020062 302194                         
307194 302199 020001 302004 302005 302191 302194                                
307195 302199 010004 302193 302004 101002 302005 302191 302194                  
307196 302199 302196 302004 101004 302005 302191 101002 302194 302195           
307197 302199 302194                                                            
308001 301033 302011 022042                                                     
308002 301034 302011 022042                                                     
308003 301035 302011 022042                                                     
308004 301036 302011 022042                                                     
308005 308004 302024                                                            
308006 010004 010061 010063 011001 011002 012004 013003 022042                  
309001 301037 101000 031001 303011                                              
309002 301038 101000 031001 303011                                              
309003 301037 101000 031001 303012                                              
309004 301038 101000 031001 303012                                              
309005 301037 302004 101000 031001 303013                                       
309006 301038 302004 101000 031001 303013                                       
309007 301004 302004 101000 031001 303014                                       
309008 301038 302004 101000 031001 303014                                       
309011 301039 101000 031001 303011                                              
309012 301039 101000 031001 303012                                              
309013 301039 302004 101000 031001 303013                                       
309014 301039 302004 101000 031001 303014                                       
309015 309016 309017 309018                                                     
309016 301040 101000 031001 303012                                              
309017 301040 302004 101000 031001 303013                                       
309018 301040 302004 101000 031001 303014                                       
309019 301031 002003 101000 031001 303011                                       
309020 301031 002003 104000 031001 007003 011003 011004 011005                  
310001 301042 303031 303032 101026 303025                                       
310002 301042 303031 303032 101009 303023                                       
310003 301042 303031 303032 101006 303023                                       
310004 301042 303031 303032 101003 303024                                       
311001 301051 007002 012001 011001 011002 011031 011032 011033 020041           
312001 301043 304001                                                            
312002 301043 304002                                                            
312003 301042 304003                                                            
312004 301042 304004                                                            
312005 301042 020014                                                            
312006 301042 304005                                                            
312007 301042 304006                                                            
312010 001007 005040 002021 005041 004001 004043                                
312011 202131 201149 004006 201000 202132 010002 202000 005043 005053           
312012 202130 201132 101019 012063 201000 202000                                
312013 005042 202130 201135 012063 201000 202000                                
312014 312010 312011 105056 301023 005042 005052 312012 312013                  
312015 109011 301023 005042 005052 202129 201132 101004 012063 202000 201000    
312016 312010 312011 312015                                                     
312017 109008 301023 005042 005052 202129 201132 101003 012063 202000 201000    
312018 312010 312011 312017                                                     
313009 021001 101000 031001 021001                                              
313010 021036 101000 031001 021036                                              
313031 006002 006012 101000 031002 030001                                       
313032 005002 005012 101000 031002 313031                                       
313041 006002 006012 106000 031001 101000 031011 030001 101000 031001 030001    
313042 005002 005012 101000 031002 313041                                       
315001 008003 301011 301012 301023 306001                                       
315002 008003 301011 301012 301023 306004                                       
316001 301192 001021 002041 019001 010051 019002 019003 019004                  
318001 301025 024011                                                            
318003 301026 024005 024004 024021                                              
318004 301025 004031 013011 024005 024004 024022                                
321001 002101 002114 002105 002106 002107 002121                                
321003 021051 021014 021017 021030                                              
321004 301031 002003 101000 031001 321003                                       
321005 025004 002121 002122 002123 002124 002125 002126 002127 321192           
321006 025001 025002 025003 025005                                              
321007 025009 025010 025011 025012 025013 025015 025016 025017                  
321008 025006 025007 025008                                                     
321009 025018 025019                                                            
321010 002101 007002 002102 002103 002104 002105 002106 002107 002108 321193    
321011 030031 030032 029002                                                     
321012 101000 031001 002135                                                     
321192 002128 002129 002130 002131                                              
321193 002109 002110 002132 002133                                              
355001 355004 355005 012192 012001 011001 011002 002061 010194                  
355002 011031 011032 011033                                                     
355003 020041 058003 058004                                                     
355004 058001 058002 001008 001006 301011 301012 004192 004193 301023           
355005 002043 008193 008194 008195 008196 002042 007192 007004                  
358001 058001 001011 001008 001006 301011 301012 004192 004193 358002 358003    
358002 002043 008193 008194 008195 008196 002042 007192 007004 008004 012192    
358003 012001 011001 011002 002061 010194                                       
358004 011031 011032 011033                                                     
358005 020041 058003 058004                                                     
359001 359002 359003 359004 359005 359006 359007 359008                         
359002 058001 001011 301011 301012 301023 007001                                
359003 004192 004193 008193 008194 008195 008196 002002                         
359004 001012 001013 010004 010051 004031 010063 010061 010062 012001 012003    
359005 011001 011002 004031 011041 012011 012012 004031 013011 004031 013011    
359006 020001 020003 020004 020005 020010 020063 020063 008002 020011 010013    
359007 020012 020012 020012 104004 008002 020011 020012 020013                  
359008 022042 022012 022022 101002 302023 020031 020032 020032                  
360001 360002 360003 360004 360005 360006 360007 360008                         
360002 058001 301001 301011 301012 301023 359003                                
360003 007004 010004 010192 010051 004031 010063 010061 010062 012001 012003    
360004 011001 011002 004031 011041 012011 012012 010052                         
360005 004031 013011 040031 013011 040031 013012 013013                         
360006 020062 020003 020004 020005 020010 020063 020063                         
360007 020001 008002 020011 020013 020012 020012 020012                         
360008 104004 008002 020011 020012 020013 022042 022012 022022 302023 002001    
