!23456789+123456789+123456789+123456789+123456789+123456789+123456789+123456789+
!        10        20        30        40        50        60        70        80
pcp_flag             241      0,255,0.0,255.0
hgt_lcref            242      0,255,0.0,20.0
lcref                243      0,255,-30.0,75.0
hsrh                 244      0,255,0.0,100.0
vilD                 245      0,255,0.0,15.0
hsr                  246      0,255,-30.0,75.0
mehs                 247      0,255,0.0,100.0
hgt_cref             248      0,255,0.0,60.0
posh                 249      0,255,0.0,100.0
vil                  250      0,255,0.0,100.0
shi                  251      0,255,0.0,100.0
etp18                252      0,255,0.0,20.0
cref                 253      0,255,-30.0,75.0
!
!
!mrefl_mosaic         254
!cref_smooth          253
!
